hemsId,date,postal,main,solarGenerated,solarSold,batteryCharge,batteryDischarge,fuelCell,gasUsage,waterUsage
HGW1540053189,2016-10-03T00:00:00,276-0046,170,,,,,,,
HGW1849081661,2016-10-03T00:00:00,261-0013,180,,,,,,,
HGW2592410415,2016-10-03T00:00:00,276-0046,120,,,,,221,0.07,
HGW4192227781,2016-10-03T00:00:00,206-0824,390,,,,,,,
HGW2440335259,2016-10-03T00:00:00,206-0824,550,,,,,,,
HGW0022302486,2016-10-03T00:00:00,276-0046,1410,,,1605,,565,0.16,
HGW0119000400,2016-10-03T00:00:00,276-0046,2030,,,1320,,,,
HGW3729565342,2016-10-03T00:00:00,206-0824,420,,,,,,,
HGW0527078356,2016-10-03T00:00:00,206-0824,190,,,,,,,
HGW3418795782,2016-10-03T00:00:00,276-0046,250,,,,,,,
HGW4086841355,2016-10-03T00:00:00,261-0013,490,,,,,,,
HGW2053016894,2016-10-03T00:00:00,261-0013,490,,,,,,,
HGW4262390424,2016-10-03T00:00:00,276-0046,320,,,,,,,
HGW2056923843,2016-10-03T00:00:00,276-0046,2310,,,1809,,,,
HGW1567490790,2016-10-03T00:00:00,276-0046,2850,,,1714,,,,
HGW2731818357,2016-10-03T00:00:00,276-0046,530,,,,,,,
HGW0999938138,2016-10-03T00:00:00,261-0013,470,,,,,,,
HGW1484386037,2016-10-03T00:00:00,261-0013,70,,,,,207,0.06,
HGW2626196856,2016-10-03T00:00:00,276-0046,940,,,,,,,
HGW2550549887,2016-10-03T00:00:00,261-0013,130,,,,,,,
HGW3813403007,2016-10-03T00:00:00,261-0013,150,,,39,,420,0.22,
HGW0341161038,2016-10-03T00:00:00,276-0046,330,,,,,,,
HGW3506558406,2016-10-03T00:00:00,276-0046,540,,,,,,,
HGW3088922230,2016-10-03T00:00:00,206-0824,2550,,,2161,,,,
HGW0807025331,2016-10-03T00:00:00,261-0013,220,,,,,,,
HGW3316354389,2016-10-03T00:00:00,276-0046,140,,,,,428,0.1,
HGW3835466207,2016-10-03T00:00:00,261-0013,300,,,,,,,
HGW3938264288,2016-10-03T00:00:00,261-0013,200,,,,,,,
HGW0960788623,2016-10-03T00:00:00,206-0824,220,,,,,240,,
HGW2465318239,2016-10-03T00:00:00,206-0824,260,,,,,,,
HGW4201723405,2016-10-03T00:00:00,206-0824,2430,,,2118,,,,
HGW3424705551,2016-10-03T00:00:00,276-0046,130,,,,,,,
HGW0011113187,2016-10-03T00:00:00,261-0013,2500,,,2159,,,,
HGW1724705971,2016-10-03T00:00:00,206-0824,330,,,,,,,
HGW2862754275,2016-10-03T00:00:00,573-0084,400,,,,,,,0.023
HGW2864422167,2016-10-03T00:00:00,274-0063,544,,,,,,0.195,
HGW1145276568,2016-10-03T00:00:00,194-0032,44,,,,,190,0.07,
HGW1628028254,2016-10-03T00:00:00,245-0016,1577,,,197,,,,
HGW3819013474,2016-10-03T00:00:00,245-0016,468,,,,,,,
HGW0109674464,2016-10-03T00:00:00,245-0016,2805,,,1158,,,,0.009
HGW4266179256,2016-10-03T00:00:00,595-0813,364,,,,,,,
HGW2507102389,2016-10-03T00:00:00,245-0016,302,,,,,,,0.003
HGW0292545493,2016-10-03T00:00:00,194-0032,2759,,,2185,,,,
HGW1888757583,2016-10-03T00:00:00,194-0032,138,,,,,,,
HGW3087458710,2016-10-03T00:00:00,573-0084,525,,,,,,,0.051
HGW1163585690,2016-10-03T00:00:00,573-0084,51,,,,,202,0.07,
HGW2360924179,2016-10-03T00:00:00,245-0016,546,,,,,,,
HGW2979506575,2016-10-03T00:00:00,573-0084,417,,,,,,,0.084
HGW3939678160,2016-10-03T00:00:00,573-0084,435,,,,,558,0.16,0.013
HGW1901037140,2016-10-03T00:00:00,573-0084,2783,,,1088,,,,0.008
HGW2794906293,2016-10-03T00:00:00,194-0032,2081,,,713,,,,
HGW1255839825,2016-10-03T00:00:00,573-0084,260,,,,,,,
HGW1922304917,2016-10-03T00:00:00,274-0063,2157,,,307,,,,0.042
HGW0723606708,2016-10-03T00:00:00,194-0032,1367,,,31,,,,
HGW4233223550,2016-10-03T00:00:00,573-0084,343,,,,,,,
HGW3975340233,2016-10-03T00:00:00,194-0032,2583,,,2197,,,,
HGW1770315374,2016-10-03T00:00:00,245-0016,3303,,,1138,,,,0.025
HGW2211161695,2016-10-03T00:00:00,573-0084,202,,,,,,,
HGW3979453947,2016-10-03T00:00:00,274-0063,302,,,,,,,
HGW3210466135,2016-10-03T00:00:00,573-0084,835,,,,,,,
HGW1150228943,2016-10-03T00:00:00,194-0032,470,,,,,,,
HGW3896978369,2016-10-03T00:00:00,245-0016,279,,,,,,,
HGW0224584910,2016-10-03T00:00:00,573-0084,664,,,,,,,
HGW2352450618,2016-10-03T00:00:00,194-0032,3357,,,1093,,,,
HGW1382864968,2016-10-03T00:00:00,194-0032,1811,,,430,,,,
HGW3299398081,2016-10-03T00:00:00,595-0813,428,,,,,357,0.095,0.007
HGW3556093971,2016-10-03T00:00:00,595-0813,3030,,,2160,,,,
HGW1779326846,2016-10-03T00:00:00,595-0813,298,,,,,,,0.009
HGW0980111669,2016-10-03T00:00:00,245-0016,116,,,,,251,0.04,0.007
HGW0548855049,2016-10-03T00:00:00,245-0016,300,,,,,,,
HGW2019559833,2016-10-03T00:00:00,194-0032,2436,,,2165,,,,
HGW3905059517,2016-10-03T00:00:00,274-0063,2604,,,1136,,,,0.047
HGW3107087926,2016-10-03T00:00:00,595-0813,360,,,,,,,0.004
HGW4090376889,2016-10-03T00:00:00,245-0016,416,,,,,352,0.095,
HGW2896326762,2016-10-03T00:00:00,274-0063,223,,,,,,,
HGW3027793024,2016-10-03T00:00:00,245-0016,819,,,,,,0.04,0.029
HGW1337358987,2016-10-03T00:00:00,274-0063,625,,,,,,,
HGW3766800683,2016-10-03T00:00:00,194-0032,142,,,,,466,0.125,0.037
HGW2238224375,2016-10-03T00:00:00,573-0084,428,,,911,,253,0.08,0.003
HGW2500187106,2016-10-03T00:00:00,595-0813,196,,,,,325,0.095,0.006
HGW2633657355,2016-10-03T00:00:00,573-0084,125,,,,,456,0.125,0.008
HGW3036983001,2016-10-03T00:00:00,595-0813,267,,,,,,,
HGW0340690536,2016-10-03T00:00:00,595-0813,59,,,,,214,0.07,0.005
HGW3521173424,2016-10-03T00:00:00,245-0016,582,,,,,,0.01,0.005
HGW2405676507,2016-10-03T00:00:00,274-0063,236,,,,,,,
HGW1633016930,2016-10-03T00:00:00,573-0084,148,,,,,350,0.1,
HGW4048014188,2016-10-03T00:00:00,194-0032,500,,,,,,,0.003
HGW4228193834,2016-10-03T00:00:00,245-0016,2555,,,798,,,,
HGW3199834989,2016-10-03T00:00:00,245-0016,312,,,,,,,
HGW0852590661,2016-10-03T00:00:00,595-0813,139,,,,,200,0.075,
HGW3417223008,2016-10-03T00:00:00,194-0032,281,,,,,,,0.004
HGW0008585550,2016-10-03T00:00:00,573-0084,312,,,,,,0.015,0.034
HGW3412860148,2016-10-03T00:00:00,194-0032,215,,,1,,345,0.235,0.004
HGW0297198766,2016-10-03T00:00:00,595-0813,303,,,,,327,0.09,
HGW1392167190,2016-10-03T00:00:00,573-0084,85,,,,,334,0.095,
HGW0359516503,2016-10-03T00:00:00,194-0032,423,,,,,,,
HGW2950693375,2016-10-03T00:00:00,573-0084,69,,,,1165,,,
HGW1540053189,2016-10-03T01:00:00,276-0046,170,,,,,,,
HGW1849081661,2016-10-03T01:00:00,261-0013,160,,,,,,,
HGW2592410415,2016-10-03T01:00:00,276-0046,170,,,,,221,0.07,
HGW4192227781,2016-10-03T01:00:00,206-0824,330,,,,,,,
HGW2440335259,2016-10-03T01:00:00,206-0824,370,,,,,,,
HGW0022302486,2016-10-03T01:00:00,276-0046,50,,,,,188,0.08,
HGW0119000400,2016-10-03T01:00:00,276-0046,260,,,,,,,
HGW3729565342,2016-10-03T01:00:00,206-0824,440,,,,,,,
HGW0527078356,2016-10-03T01:00:00,206-0824,170,,,,,,,
HGW3418795782,2016-10-03T01:00:00,276-0046,200,,,,,,,
HGW4086841355,2016-10-03T01:00:00,261-0013,440,,,,,,,
HGW2053016894,2016-10-03T01:00:00,261-0013,530,,,,,,0.02,
HGW4262390424,2016-10-03T01:00:00,276-0046,270,,,,,,,
HGW2056923843,2016-10-03T01:00:00,276-0046,310,,,,,,,
HGW1567490790,2016-10-03T01:00:00,276-0046,740,,,,,,,
HGW2731818357,2016-10-03T01:00:00,276-0046,410,,,,,,,
HGW0999938138,2016-10-03T01:00:00,261-0013,460,,,,,,,
HGW1484386037,2016-10-03T01:00:00,261-0013,280,,,,,,0.01,
HGW2626196856,2016-10-03T01:00:00,276-0046,720,,,,,,,
HGW2550549887,2016-10-03T01:00:00,261-0013,130,,,,,,,
HGW3813403007,2016-10-03T01:00:00,261-0013,200,,,4,,334,0.09,
HGW0341161038,2016-10-03T01:00:00,276-0046,300,,,,,,,
HGW3506558406,2016-10-03T01:00:00,276-0046,360,,,,,,,
HGW3088922230,2016-10-03T01:00:00,206-0824,1810,,,1271,,,,
HGW0807025331,2016-10-03T01:00:00,261-0013,200,,,,,,,
HGW3316354389,2016-10-03T01:00:00,276-0046,90,,,,,269,0.08,
HGW3835466207,2016-10-03T01:00:00,261-0013,300,,,,,,,
HGW3938264288,2016-10-03T01:00:00,261-0013,190,,,,,,,
HGW0960788623,2016-10-03T01:00:00,206-0824,200,,,,,239,,
HGW2465318239,2016-10-03T01:00:00,206-0824,240,,,,,,,
HGW4201723405,2016-10-03T01:00:00,206-0824,230,,,,,,,
HGW3424705551,2016-10-03T01:00:00,276-0046,130,,,,,,,
HGW0011113187,2016-10-03T01:00:00,261-0013,450,,,287,,,,
HGW1724705971,2016-10-03T01:00:00,206-0824,300,,,,,,,
HGW2862754275,2016-10-03T01:00:00,573-0084,517,,,,,,,
HGW2864422167,2016-10-03T01:00:00,274-0063,404,,,,,,0.125,
HGW1145276568,2016-10-03T01:00:00,194-0032,44,,,,,187,0.085,
HGW1628028254,2016-10-03T01:00:00,245-0016,439,,,,,,,
HGW3819013474,2016-10-03T01:00:00,245-0016,488,,,,,,,
HGW0109674464,2016-10-03T01:00:00,245-0016,405,,,,,,,
HGW4266179256,2016-10-03T01:00:00,595-0813,295,,,,,,,
HGW2507102389,2016-10-03T01:00:00,245-0016,702,,,,,,,0.008
HGW0292545493,2016-10-03T01:00:00,194-0032,1299,,,103,,,,
HGW1888757583,2016-10-03T01:00:00,194-0032,134,,,,,,,
HGW3087458710,2016-10-03T01:00:00,573-0084,418,,,,,,,
HGW1163585690,2016-10-03T01:00:00,573-0084,43,,,,,183,0.07,
HGW2360924179,2016-10-03T01:00:00,245-0016,466,,,,,,,
HGW2979506575,2016-10-03T01:00:00,573-0084,409,,,,,,,0.017
HGW3939678160,2016-10-03T01:00:00,573-0084,71,,,,,236,0.08,
HGW1901037140,2016-10-03T01:00:00,573-0084,324,,,,,,,
HGW2794906293,2016-10-03T01:00:00,194-0032,278,,,,,,,
HGW1255839825,2016-10-03T01:00:00,573-0084,256,,,,,,,
HGW1922304917,2016-10-03T01:00:00,274-0063,235,,,,,,,0.014
HGW0723606708,2016-10-03T01:00:00,194-0032,320,,,,,,,
HGW4233223550,2016-10-03T01:00:00,573-0084,334,,,,,,,
HGW3975340233,2016-10-03T01:00:00,194-0032,1900,,,68,,,,0.011
HGW1770315374,2016-10-03T01:00:00,245-0016,865,,,,,,,
HGW2211161695,2016-10-03T01:00:00,573-0084,191,,,,,,,
HGW3979453947,2016-10-03T01:00:00,274-0063,280,,,,,,,
HGW3210466135,2016-10-03T01:00:00,573-0084,213,,,,,,,
HGW1150228943,2016-10-03T01:00:00,194-0032,334,,,,,,,0.007
HGW3896978369,2016-10-03T01:00:00,245-0016,268,,,,,,,
HGW0224584910,2016-10-03T01:00:00,573-0084,643,,,,,99,0.06,0.007
HGW2352450618,2016-10-03T01:00:00,194-0032,605,,,,,,,
HGW1382864968,2016-10-03T01:00:00,194-0032,459,,,,,,,
HGW3299398081,2016-10-03T01:00:00,595-0813,338,,,,,358,0.095,
HGW3556093971,2016-10-03T01:00:00,595-0813,2011,,,438,,,,
HGW1779326846,2016-10-03T01:00:00,595-0813,214,,,,,,,
HGW0980111669,2016-10-03T01:00:00,245-0016,118,,,,,217,0.035,0.008
HGW0548855049,2016-10-03T01:00:00,245-0016,414,,,,,,0.015,0.184
HGW2019559833,2016-10-03T01:00:00,194-0032,1359,,,236,,,,
HGW3905059517,2016-10-03T01:00:00,274-0063,497,,,,,,,
HGW3107087926,2016-10-03T01:00:00,595-0813,239,,,,,,,0.004
HGW4090376889,2016-10-03T01:00:00,245-0016,331,,,,,353,0.095,
HGW2896326762,2016-10-03T01:00:00,274-0063,206,,,,,,,
HGW3027793024,2016-10-03T01:00:00,245-0016,336,,,,,,,
HGW1337358987,2016-10-03T01:00:00,274-0063,438,,,,,,,
HGW3766800683,2016-10-03T01:00:00,194-0032,82,,,,,363,0.105,0.005
HGW2238224375,2016-10-03T01:00:00,573-0084,1633,,,730,,306,0.09,
HGW2500187106,2016-10-03T01:00:00,595-0813,381,,,,,348,0.09,0.015
HGW2633657355,2016-10-03T01:00:00,573-0084,125,,,,,391,0.11,0.006
HGW3036983001,2016-10-03T01:00:00,595-0813,269,,,,,,,
HGW0340690536,2016-10-03T01:00:00,595-0813,96,,,,,244,0.07,0.004
HGW3521173424,2016-10-03T01:00:00,245-0016,454,,,,,,0.005,0.005
HGW2405676507,2016-10-03T01:00:00,274-0063,247,,,,,,,
HGW1633016930,2016-10-03T01:00:00,573-0084,52,,,,,279,0.085,
HGW4048014188,2016-10-03T01:00:00,194-0032,381,,,,,,,0.01
HGW4228193834,2016-10-03T01:00:00,245-0016,841,,,,,,,
HGW3199834989,2016-10-03T01:00:00,245-0016,292,,,,,,,
HGW0852590661,2016-10-03T01:00:00,595-0813,119,,,,,193,0.07,
HGW3417223008,2016-10-03T01:00:00,194-0032,502,,,,,,,0.094
HGW0008585550,2016-10-03T01:00:00,573-0084,343,,,875,,,,
HGW3412860148,2016-10-03T01:00:00,194-0032,201,,,,,291,0.08,
HGW0297198766,2016-10-03T01:00:00,595-0813,60,,,841,,228,0.07,0.005
HGW1392167190,2016-10-03T01:00:00,573-0084,420,,,,,305,0.08,0.018
HGW0359516503,2016-10-03T01:00:00,194-0032,387,,,,,,,
HGW2950693375,2016-10-03T01:00:00,573-0084,68,,,,1103,,,
HGW1540053189,2016-10-03T02:00:00,276-0046,160,,,,,,,
HGW1849081661,2016-10-03T02:00:00,261-0013,170,,,,,,,
HGW2592410415,2016-10-03T02:00:00,276-0046,160,,,,,219,0.06,
HGW4192227781,2016-10-03T02:00:00,206-0824,270,,,,,,,
HGW2440335259,2016-10-03T02:00:00,206-0824,380,,,,,,,
HGW0022302486,2016-10-03T02:00:00,276-0046,40,,,,,174,0.07,
HGW0119000400,2016-10-03T02:00:00,276-0046,350,,,,,,,
HGW3729565342,2016-10-03T02:00:00,206-0824,500,,,,,,,
HGW0527078356,2016-10-03T02:00:00,206-0824,170,,,,,,,
HGW3418795782,2016-10-03T02:00:00,276-0046,190,,,,,,,
HGW4086841355,2016-10-03T02:00:00,261-0013,290,,,,,,,
HGW2053016894,2016-10-03T02:00:00,261-0013,900,,,,,,0.02,
HGW4262390424,2016-10-03T02:00:00,276-0046,240,,,,,,,
HGW2056923843,2016-10-03T02:00:00,276-0046,240,,,,,,,
HGW1567490790,2016-10-03T02:00:00,276-0046,670,,,,,,,
HGW2731818357,2016-10-03T02:00:00,276-0046,300,,,,,,,
HGW0999938138,2016-10-03T02:00:00,261-0013,470,,,,,,,
HGW1484386037,2016-10-03T02:00:00,261-0013,250,,,,,,,
HGW2626196856,2016-10-03T02:00:00,276-0046,870,,,,,,,
HGW2550549887,2016-10-03T02:00:00,261-0013,130,,,,,,,
HGW3813403007,2016-10-03T02:00:00,261-0013,250,,,15,,482,0.12,
HGW0341161038,2016-10-03T02:00:00,276-0046,1700,,,1351,,,,
HGW3506558406,2016-10-03T02:00:00,276-0046,230,,,,,,,
HGW3088922230,2016-10-03T02:00:00,206-0824,590,,,,,,,
HGW0807025331,2016-10-03T02:00:00,261-0013,180,,,,,,,
HGW3316354389,2016-10-03T02:00:00,276-0046,80,,,,,228,0.07,
HGW3835466207,2016-10-03T02:00:00,261-0013,320,,,,,,,
HGW3938264288,2016-10-03T02:00:00,261-0013,190,,,,,,,
HGW0960788623,2016-10-03T02:00:00,206-0824,100,,,,,217,,
HGW2465318239,2016-10-03T02:00:00,206-0824,360,,,,,,,
HGW4201723405,2016-10-03T02:00:00,206-0824,360,,,,,,,
HGW3424705551,2016-10-03T02:00:00,276-0046,130,,,,,,,
HGW0011113187,2016-10-03T02:00:00,261-0013,170,,,,,,,
HGW1724705971,2016-10-03T02:00:00,206-0824,250,,,,,,,
HGW2862754275,2016-10-03T02:00:00,573-0084,722,,,,,,,
HGW2864422167,2016-10-03T02:00:00,274-0063,292,,,902,,,,0.007
HGW1145276568,2016-10-03T02:00:00,194-0032,86,,,844,,186,0.07,
HGW1628028254,2016-10-03T02:00:00,245-0016,439,,,,,,,
HGW3819013474,2016-10-03T02:00:00,245-0016,397,,,,,,,
HGW0109674464,2016-10-03T02:00:00,245-0016,280,,,,,,,0.007
HGW4266179256,2016-10-03T02:00:00,595-0813,345,,,852,,,,
HGW2507102389,2016-10-03T02:00:00,245-0016,389,,,,,,,
HGW0292545493,2016-10-03T02:00:00,194-0032,358,,,,,,,
HGW1888757583,2016-10-03T02:00:00,194-0032,143,,,,,,,
HGW3087458710,2016-10-03T02:00:00,573-0084,288,,,,,,,
HGW1163585690,2016-10-03T02:00:00,573-0084,46,,,863,,177,0.065,
HGW2360924179,2016-10-03T02:00:00,245-0016,460,,,875,,,,
HGW2979506575,2016-10-03T02:00:00,573-0084,252,,,,,,,
HGW3939678160,2016-10-03T02:00:00,573-0084,85,,,870,,293,0.08,0.008
HGW1901037140,2016-10-03T02:00:00,573-0084,367,,,,,,,
HGW2794906293,2016-10-03T02:00:00,194-0032,261,,,,,,,
HGW1255839825,2016-10-03T02:00:00,573-0084,283,,,851,,,,
HGW1922304917,2016-10-03T02:00:00,274-0063,210,,,,,,,
HGW0723606708,2016-10-03T02:00:00,194-0032,270,,,,,,,
HGW4233223550,2016-10-03T02:00:00,573-0084,341,,,884,,,,
HGW3975340233,2016-10-03T02:00:00,194-0032,692,,,,,,,
HGW1770315374,2016-10-03T02:00:00,245-0016,681,,,,,,,
HGW2211161695,2016-10-03T02:00:00,573-0084,190,,,,,,,
HGW3979453947,2016-10-03T02:00:00,274-0063,445,,,,,,,
HGW3210466135,2016-10-03T02:00:00,573-0084,321,,,,,,,
HGW1150228943,2016-10-03T02:00:00,194-0032,327,,,896,,,,
HGW3896978369,2016-10-03T02:00:00,245-0016,258,,,,,,,
HGW0224584910,2016-10-03T02:00:00,573-0084,45,,,,,519,0.165,0.008
HGW2352450618,2016-10-03T02:00:00,194-0032,463,,,,,,,
HGW1382864968,2016-10-03T02:00:00,194-0032,391,,,,,,,0.007
HGW3299398081,2016-10-03T02:00:00,595-0813,329,,,901,,359,0.1,
HGW3556093971,2016-10-03T02:00:00,595-0813,507,,,,,,,
HGW1779326846,2016-10-03T02:00:00,595-0813,186,,,,,,,
HGW0980111669,2016-10-03T02:00:00,245-0016,66,,,,,189,0.035,
HGW0548855049,2016-10-03T02:00:00,245-0016,699,,,435,,,,0.046
HGW2019559833,2016-10-03T02:00:00,194-0032,224,,,,,,,
HGW3905059517,2016-10-03T02:00:00,274-0063,386,,,,,,,
HGW3107087926,2016-10-03T02:00:00,595-0813,223,,,278,,,,0.004
HGW4090376889,2016-10-03T02:00:00,245-0016,321,,,878,,353,0.095,0.005
HGW2896326762,2016-10-03T02:00:00,274-0063,215,,,270,,,,
HGW3027793024,2016-10-03T02:00:00,245-0016,179,,,851,,,,
HGW1337358987,2016-10-03T02:00:00,274-0063,398,,,,,,,
HGW3766800683,2016-10-03T02:00:00,194-0032,69,,,865,,351,0.1,
HGW2238224375,2016-10-03T02:00:00,573-0084,74,,,,,206,0.07,
HGW2500187106,2016-10-03T02:00:00,595-0813,322,,,438,,361,0.1,
HGW2633657355,2016-10-03T02:00:00,573-0084,106,,,875,,291,0.08,0.003
HGW3036983001,2016-10-03T02:00:00,595-0813,394,,,,,,,0.004
HGW0340690536,2016-10-03T02:00:00,595-0813,154,,,858,,288,0.085,0.001
HGW3521173424,2016-10-03T02:00:00,245-0016,459,,,,,,,0.004
HGW2405676507,2016-10-03T02:00:00,274-0063,227,,,282,,,0.005,
HGW1633016930,2016-10-03T02:00:00,573-0084,67,,,870,,244,0.07,0.013
HGW4048014188,2016-10-03T02:00:00,194-0032,448,,,884,,,,0.003
HGW4228193834,2016-10-03T02:00:00,245-0016,829,,,,,,,
HGW3199834989,2016-10-03T02:00:00,245-0016,303,,,678,,,,
HGW0852590661,2016-10-03T02:00:00,595-0813,112,,,774,,188,0.075,
HGW3417223008,2016-10-03T02:00:00,194-0032,340,,,,,,,0.005
HGW0008585550,2016-10-03T02:00:00,573-0084,1332,,,107,,,,
HGW3412860148,2016-10-03T02:00:00,194-0032,121,,,65,,362,0.095,
HGW0297198766,2016-10-03T02:00:00,595-0813,2255,,,2112,,355,0.09,
HGW1392167190,2016-10-03T02:00:00,573-0084,275,,,477,,302,0.09,
HGW0359516503,2016-10-03T02:00:00,194-0032,379,,,882,,,,
HGW2950693375,2016-10-03T02:00:00,573-0084,70,,,,1039,,,
HGW1540053189,2016-10-03T03:00:00,276-0046,2350,,,2058,,,,
HGW1849081661,2016-10-03T03:00:00,261-0013,170,,,,,,,
HGW2592410415,2016-10-03T03:00:00,276-0046,110,,,,,201,0.07,
HGW4192227781,2016-10-03T03:00:00,206-0824,610,,,341,,,,
HGW2440335259,2016-10-03T03:00:00,206-0824,890,,,513,,65,0.05,
HGW0022302486,2016-10-03T03:00:00,276-0046,40,,,,,160,0.06,
HGW0119000400,2016-10-03T03:00:00,276-0046,580,,,,,49,0.05,
HGW3729565342,2016-10-03T03:00:00,206-0824,2760,,,2121,,16,0.04,
HGW0527078356,2016-10-03T03:00:00,206-0824,2430,,,2134,,,,
HGW3418795782,2016-10-03T03:00:00,276-0046,2500,,,1861,,10,0.04,
HGW4086841355,2016-10-03T03:00:00,261-0013,1340,,,811,,12,0.05,
HGW2053016894,2016-10-03T03:00:00,261-0013,2340,,,1405,,17,0.05,
HGW4262390424,2016-10-03T03:00:00,276-0046,520,,,260,,,,
HGW2056923843,2016-10-03T03:00:00,276-0046,520,,,,,,,
HGW1567490790,2016-10-03T03:00:00,276-0046,510,,,,,,,
HGW2731818357,2016-10-03T03:00:00,276-0046,840,,,503,,,,
HGW0999938138,2016-10-03T03:00:00,261-0013,2580,,,2090,,,,
HGW1484386037,2016-10-03T03:00:00,261-0013,2510,,,2103,,,,
HGW2626196856,2016-10-03T03:00:00,276-0046,3000,,,2118,,78,0.05,
HGW2550549887,2016-10-03T03:00:00,261-0013,400,,,265,,,,
HGW3813403007,2016-10-03T03:00:00,261-0013,360,,,,,448,0.13,
HGW0341161038,2016-10-03T03:00:00,276-0046,170,,,,,,,
HGW3506558406,2016-10-03T03:00:00,276-0046,1820,,,1484,,,,
HGW3088922230,2016-10-03T03:00:00,206-0824,280,,,,,,,
HGW0807025331,2016-10-03T03:00:00,261-0013,460,,,267,,,,
HGW3316354389,2016-10-03T03:00:00,276-0046,590,,,542,,238,0.07,
HGW3835466207,2016-10-03T03:00:00,261-0013,860,,,501,,,,
HGW3938264288,2016-10-03T03:00:00,261-0013,310,,,,,,,
HGW0960788623,2016-10-03T03:00:00,206-0824,2360,,,1909,,,,
HGW2465318239,2016-10-03T03:00:00,206-0824,2800,,,2112,,39,,
HGW4201723405,2016-10-03T03:00:00,206-0824,540,,,,,,,
HGW3424705551,2016-10-03T03:00:00,276-0046,130,,,,,,,
HGW0011113187,2016-10-03T03:00:00,261-0013,150,,,,,,,
HGW1724705971,2016-10-03T03:00:00,206-0824,610,,,348,,,,
HGW2862754275,2016-10-03T03:00:00,573-0084,569,,,,,,,
HGW2864422167,2016-10-03T03:00:00,274-0063,2505,,,1661,,,,
HGW1145276568,2016-10-03T03:00:00,194-0032,995,,,11,,254,0.075,
HGW1628028254,2016-10-03T03:00:00,245-0016,635,,,,,,,
HGW3819013474,2016-10-03T03:00:00,245-0016,687,,,,,35,0.05,
HGW0109674464,2016-10-03T03:00:00,245-0016,471,,,,,,,
HGW4266179256,2016-10-03T03:00:00,595-0813,2504,,,2164,,,,
HGW2507102389,2016-10-03T03:00:00,245-0016,1140,,,,,,,0.034
HGW0292545493,2016-10-03T03:00:00,194-0032,1330,,,,,,,0.009
HGW1888757583,2016-10-03T03:00:00,194-0032,410,,,,,,,
HGW3087458710,2016-10-03T03:00:00,573-0084,221,,,,,,,0.008
HGW1163585690,2016-10-03T03:00:00,573-0084,870,,,,,233,0.075,
HGW2360924179,2016-10-03T03:00:00,245-0016,2659,,,2124,,,,
HGW2979506575,2016-10-03T03:00:00,573-0084,644,,,,,,,
HGW3939678160,2016-10-03T03:00:00,573-0084,1995,,,1224,,484,0.125,
HGW1901037140,2016-10-03T03:00:00,573-0084,1081,,,,,,,
HGW2794906293,2016-10-03T03:00:00,194-0032,261,,,,,,,
HGW1255839825,2016-10-03T03:00:00,573-0084,1639,,,418,,,,0.022
HGW1922304917,2016-10-03T03:00:00,274-0063,658,,,,,,,
HGW0723606708,2016-10-03T03:00:00,194-0032,477,,,,,,,
HGW4233223550,2016-10-03T03:00:00,573-0084,1590,,,401,,,,
HGW3975340233,2016-10-03T03:00:00,194-0032,580,,,,,,,
HGW1770315374,2016-10-03T03:00:00,245-0016,850,,,,,,,0.009
HGW2211161695,2016-10-03T03:00:00,573-0084,188,,,,,,,0.009
HGW3979453947,2016-10-03T03:00:00,274-0063,287,,,,,,,
HGW3210466135,2016-10-03T03:00:00,573-0084,996,,,,,,,
HGW1150228943,2016-10-03T03:00:00,194-0032,2498,,,1265,,,,0.071
HGW3896978369,2016-10-03T03:00:00,245-0016,443,,,,,,,
HGW0224584910,2016-10-03T03:00:00,573-0084,40,,,,,513,0.165,0.014
HGW2352450618,2016-10-03T03:00:00,194-0032,1045,,,,,,,
HGW1382864968,2016-10-03T03:00:00,194-0032,333,,,,,,,
HGW3299398081,2016-10-03T03:00:00,595-0813,2187,,,896,,335,0.095,
HGW3556093971,2016-10-03T03:00:00,595-0813,571,,,,,,,
HGW1779326846,2016-10-03T03:00:00,595-0813,181,,,,,,,0.008
HGW0980111669,2016-10-03T03:00:00,245-0016,62,,,,,188,0.035,
HGW0548855049,2016-10-03T03:00:00,245-0016,1357,,,,,,,
HGW2019559833,2016-10-03T03:00:00,194-0032,301,,,,,,,
HGW3905059517,2016-10-03T03:00:00,274-0063,651,,,,,,,
HGW3107087926,2016-10-03T03:00:00,595-0813,492,,,,,,,
HGW4090376889,2016-10-03T03:00:00,245-0016,2266,,,1064,,354,0.095,
HGW2896326762,2016-10-03T03:00:00,274-0063,588,,,,,,,
HGW3027793024,2016-10-03T03:00:00,245-0016,2559,,,1165,,8,0.045,
HGW1337358987,2016-10-03T03:00:00,274-0063,703,,,,,21,0.045,
HGW3766800683,2016-10-03T03:00:00,194-0032,2063,,,1152,,476,0.125,
HGW2238224375,2016-10-03T03:00:00,573-0084,73,,,,,208,0.065,
HGW2500187106,2016-10-03T03:00:00,595-0813,745,,,,,333,0.09,0.001
HGW2633657355,2016-10-03T03:00:00,573-0084,1986,,,2138,,575,0.15,0.005
HGW3036983001,2016-10-03T03:00:00,595-0813,407,,,,,,,
HGW0340690536,2016-10-03T03:00:00,595-0813,2054,,,1198,,353,0.09,
HGW3521173424,2016-10-03T03:00:00,245-0016,805,,,,,,0.045,0.003
HGW2405676507,2016-10-03T03:00:00,274-0063,868,,,,,8,0.04,
HGW1633016930,2016-10-03T03:00:00,573-0084,1230,,,22,,,0.005,0.001
HGW4048014188,2016-10-03T03:00:00,194-0032,2952,,,2189,,6,0.045,0.009
HGW4228193834,2016-10-03T03:00:00,245-0016,798,,,,,,,
HGW3199834989,2016-10-03T03:00:00,245-0016,1115,,,,,27,0.05,
HGW0852590661,2016-10-03T03:00:00,595-0813,828,,,,,259,0.09,
HGW3417223008,2016-10-03T03:00:00,194-0032,278,,,278,,,,
HGW0008585550,2016-10-03T03:00:00,573-0084,261,,,,,,,
HGW3412860148,2016-10-03T03:00:00,194-0032,303,,,,,11,0.01,
HGW0297198766,2016-10-03T03:00:00,595-0813,1925,,,951,,352,0.1,
HGW1392167190,2016-10-03T03:00:00,573-0084,551,,,,,257,0.075,
HGW0359516503,2016-10-03T03:00:00,194-0032,1947,,,652,,,,
HGW2950693375,2016-10-03T03:00:00,573-0084,783,,,300,636,,,
HGW1540053189,2016-10-03T04:00:00,276-0046,1170,,,948,,,,
HGW1849081661,2016-10-03T04:00:00,261-0013,170,,,,,,,
HGW2592410415,2016-10-03T04:00:00,276-0046,120,,,,,199,0.06,
HGW4192227781,2016-10-03T04:00:00,206-0824,230,,,,,,,
HGW2440335259,2016-10-03T04:00:00,206-0824,50,,,,,195,0.07,
HGW0022302486,2016-10-03T04:00:00,276-0046,50,,,,,167,0.08,
HGW0119000400,2016-10-03T04:00:00,276-0046,120,,,,,278,0.08,
HGW3729565342,2016-10-03T04:00:00,206-0824,1180,,,1247,,351,0.1,
HGW0527078356,2016-10-03T04:00:00,206-0824,660,,,474,,,,
HGW3418795782,2016-10-03T04:00:00,276-0046,50,,,,,230,0.08,
HGW4086841355,2016-10-03T04:00:00,261-0013,40,,,,,147,0.06,
HGW2053016894,2016-10-03T04:00:00,261-0013,150,,,,,249,0.07,
HGW4262390424,2016-10-03T04:00:00,276-0046,240,,,,,,,
HGW2056923843,2016-10-03T04:00:00,276-0046,1310,,,,,,,
HGW1567490790,2016-10-03T04:00:00,276-0046,960,,,,,,,
HGW2731818357,2016-10-03T04:00:00,276-0046,400,,,,,,,
HGW0999938138,2016-10-03T04:00:00,261-0013,270,,,16,,,,
HGW1484386037,2016-10-03T04:00:00,261-0013,960,,,618,,,,
HGW2626196856,2016-10-03T04:00:00,276-0046,1320,,,1105,,527,0.13,
HGW2550549887,2016-10-03T04:00:00,261-0013,130,,,,,,,
HGW3813403007,2016-10-03T04:00:00,261-0013,360,,,,,370,0.09,
HGW0341161038,2016-10-03T04:00:00,276-0046,180,,,,,,,
HGW3506558406,2016-10-03T04:00:00,276-0046,1830,,,1497,,,,
HGW3088922230,2016-10-03T04:00:00,206-0824,250,,,,,,,
HGW0807025331,2016-10-03T04:00:00,261-0013,180,,,,,,,
HGW3316354389,2016-10-03T04:00:00,276-0046,90,,,,,220,0.07,
HGW3835466207,2016-10-03T04:00:00,261-0013,260,,,,,,,
HGW3938264288,2016-10-03T04:00:00,261-0013,230,,,,,,,
HGW0960788623,2016-10-03T04:00:00,206-0824,540,,,,,,,
HGW2465318239,2016-10-03T04:00:00,206-0824,1040,,,1043,,401,,
HGW4201723405,2016-10-03T04:00:00,206-0824,760,,,,,,,
HGW3424705551,2016-10-03T04:00:00,276-0046,130,,,,,,,
HGW0011113187,2016-10-03T04:00:00,261-0013,1190,,,,,,,
HGW1724705971,2016-10-03T04:00:00,206-0824,260,,,,,,,
HGW2862754275,2016-10-03T04:00:00,573-0084,611,,,,,,,
HGW2864422167,2016-10-03T04:00:00,274-0063,664,,,,,,,
HGW1145276568,2016-10-03T04:00:00,194-0032,81,,,,,232,0.075,0.014
HGW1628028254,2016-10-03T04:00:00,245-0016,1148,,,,,,,0.007
HGW3819013474,2016-10-03T04:00:00,245-0016,162,,,,,311,0.085,0.007
HGW0109674464,2016-10-03T04:00:00,245-0016,781,,,,,,,
HGW4266179256,2016-10-03T04:00:00,595-0813,1607,,,230,,,0.085,0.076
HGW2507102389,2016-10-03T04:00:00,245-0016,391,,,,,,,0.043
HGW0292545493,2016-10-03T04:00:00,194-0032,1384,,,,,,,0.011
HGW1888757583,2016-10-03T04:00:00,194-0032,129,,,,,,,
HGW3087458710,2016-10-03T04:00:00,573-0084,311,,,,,,,0.005
HGW1163585690,2016-10-03T04:00:00,573-0084,45,,,,,187,0.065,
HGW2360924179,2016-10-03T04:00:00,245-0016,2414,,,1126,,,,
HGW2979506575,2016-10-03T04:00:00,573-0084,397,,,,,,,
HGW3939678160,2016-10-03T04:00:00,573-0084,356,,,,,322,0.1,0.007
HGW1901037140,2016-10-03T04:00:00,573-0084,292,,,,,,,
HGW2794906293,2016-10-03T04:00:00,194-0032,900,,,,,,,
HGW1255839825,2016-10-03T04:00:00,573-0084,361,,,,,,,0.039
HGW1922304917,2016-10-03T04:00:00,274-0063,540,,,,,,,
HGW0723606708,2016-10-03T04:00:00,194-0032,625,,,,,,,
HGW4233223550,2016-10-03T04:00:00,573-0084,369,,,,,,,
HGW3975340233,2016-10-03T04:00:00,194-0032,1084,,,,,,,
HGW1770315374,2016-10-03T04:00:00,245-0016,924,,,,,,,
HGW2211161695,2016-10-03T04:00:00,573-0084,184,,,,,,,
HGW3979453947,2016-10-03T04:00:00,274-0063,252,,,,,,,
HGW3210466135,2016-10-03T04:00:00,573-0084,998,,,,,,,
HGW1150228943,2016-10-03T04:00:00,194-0032,273,,,,,,,0.023
HGW3896978369,2016-10-03T04:00:00,245-0016,1051,,,,,,,
HGW0224584910,2016-10-03T04:00:00,573-0084,51,,,,,500,0.16,
HGW2352450618,2016-10-03T04:00:00,194-0032,1050,,,,,,,0.016
HGW1382864968,2016-10-03T04:00:00,194-0032,570,,,,,,,
HGW3299398081,2016-10-03T04:00:00,595-0813,327,,,,,355,0.09,
HGW3556093971,2016-10-03T04:00:00,595-0813,715,,,,,,,
HGW1779326846,2016-10-03T04:00:00,595-0813,175,,,,,,,
HGW0980111669,2016-10-03T04:00:00,245-0016,63,,,,,186,0.03,
HGW0548855049,2016-10-03T04:00:00,245-0016,548,,,,,,,
HGW2019559833,2016-10-03T04:00:00,194-0032,937,,,,,,,0.012
HGW3905059517,2016-10-03T04:00:00,274-0063,1037,,,,,,,
HGW3107087926,2016-10-03T04:00:00,595-0813,207,,,,,,,
HGW4090376889,2016-10-03T04:00:00,245-0016,203,,,,,245,0.085,0.041
HGW2896326762,2016-10-03T04:00:00,274-0063,242,,,,,,,
HGW3027793024,2016-10-03T04:00:00,245-0016,55,,,,,232,0.07,
HGW1337358987,2016-10-03T04:00:00,274-0063,98,,,,,261,0.075,0.005
HGW3766800683,2016-10-03T04:00:00,194-0032,64,,,,,301,0.085,0.005
HGW2238224375,2016-10-03T04:00:00,573-0084,58,,,,,196,0.075,
HGW2500187106,2016-10-03T04:00:00,595-0813,356,,,,,298,0.08,
HGW2633657355,2016-10-03T04:00:00,573-0084,757,,,,,407,0.125,
HGW3036983001,2016-10-03T04:00:00,595-0813,359,,,,,,,
HGW0340690536,2016-10-03T04:00:00,595-0813,100,,,,,242,0.075,0.004
HGW3521173424,2016-10-03T04:00:00,245-0016,130,,,,,260,0.07,
HGW2405676507,2016-10-03T04:00:00,274-0063,45,,,,,151,0.07,
HGW1633016930,2016-10-03T04:00:00,573-0084,305,,,,,,,0.007
HGW4048014188,2016-10-03T04:00:00,194-0032,859,,,1,,251,0.085,
HGW4228193834,2016-10-03T04:00:00,245-0016,788,,,,,,,
HGW3199834989,2016-10-03T04:00:00,245-0016,53,,,,,179,0.065,
HGW0852590661,2016-10-03T04:00:00,595-0813,197,,,,,226,0.075,
HGW3417223008,2016-10-03T04:00:00,194-0032,497,,,,,,,
HGW0008585550,2016-10-03T04:00:00,573-0084,251,,,,,,,
HGW3412860148,2016-10-03T04:00:00,194-0032,307,,,,,,,
HGW0297198766,2016-10-03T04:00:00,595-0813,95,,,,,242,0.07,
HGW1392167190,2016-10-03T04:00:00,573-0084,49,,,,,209,0.085,0.005
HGW0359516503,2016-10-03T04:00:00,194-0032,374,,,,,,,0.004
HGW2950693375,2016-10-03T04:00:00,573-0084,1131,,,,,,,
HGW1540053189,2016-10-03T05:00:00,276-0046,170,,,,,,,
HGW1849081661,2016-10-03T05:00:00,261-0013,470,,,,,,,
HGW2592410415,2016-10-03T05:00:00,276-0046,250,,,,,91,0.03,
HGW4192227781,2016-10-03T05:00:00,206-0824,230,,,,,,,
HGW2440335259,2016-10-03T05:00:00,206-0824,120,,,,,236,0.07,
HGW0022302486,2016-10-03T05:00:00,276-0046,170,,,,,181,0.07,
HGW0119000400,2016-10-03T05:00:00,276-0046,80,,,,,240,0.07,
HGW3729565342,2016-10-03T05:00:00,206-0824,120,,,,,200,0.07,
HGW0527078356,2016-10-03T05:00:00,206-0824,200,,,,,,,
HGW3418795782,2016-10-03T05:00:00,276-0046,160,,,,,273,0.08,
HGW4086841355,2016-10-03T05:00:00,261-0013,40,,,,,142,0.07,
HGW2053016894,2016-10-03T05:00:00,261-0013,650,,,,,410,0.1,
HGW4262390424,2016-10-03T05:00:00,276-0046,230,,,,,,,
HGW2056923843,2016-10-03T05:00:00,276-0046,1670,,,,,,,
HGW1567490790,2016-10-03T05:00:00,276-0046,1000,,,,,,,
HGW2731818357,2016-10-03T05:00:00,276-0046,420,,,,,,,
HGW0999938138,2016-10-03T05:00:00,261-0013,270,,,,,,,
HGW1484386037,2016-10-03T05:00:00,261-0013,320,,,,,,,
HGW2626196856,2016-10-03T05:00:00,276-0046,150,,,,,370,0.13,
HGW2550549887,2016-10-03T05:00:00,261-0013,130,,,,,,,
HGW3813403007,2016-10-03T05:00:00,261-0013,350,,,,,370,0.09,
HGW0341161038,2016-10-03T05:00:00,276-0046,180,,,,,,,
HGW3506558406,2016-10-03T05:00:00,276-0046,660,,,279,,,,
HGW3088922230,2016-10-03T05:00:00,206-0824,720,,,,,,,
HGW0807025331,2016-10-03T05:00:00,261-0013,180,,,,,,,
HGW3316354389,2016-10-03T05:00:00,276-0046,110,,,,,231,0.06,
HGW3835466207,2016-10-03T05:00:00,261-0013,290,,,,,,,
HGW3938264288,2016-10-03T05:00:00,261-0013,180,,,,,,,
HGW0960788623,2016-10-03T05:00:00,206-0824,320,,,,,,,
HGW2465318239,2016-10-03T05:00:00,206-0824,80,,,,,298,,
HGW4201723405,2016-10-03T05:00:00,206-0824,1150,,,,,,,
HGW3424705551,2016-10-03T05:00:00,276-0046,140,,,,,,,
HGW0011113187,2016-10-03T05:00:00,261-0013,1230,,,,,,,
HGW1724705971,2016-10-03T05:00:00,206-0824,250,,,,,,,
HGW2862754275,2016-10-03T05:00:00,573-0084,303,,,,,,,0.072
HGW2864422167,2016-10-03T05:00:00,274-0063,212,,,,,,0.005,
HGW1145276568,2016-10-03T05:00:00,194-0032,292,,,,,237,0.12,0.08
HGW1628028254,2016-10-03T05:00:00,245-0016,281,,,,,,,0.008
HGW3819013474,2016-10-03T05:00:00,245-0016,143,,,,,232,0.13,0.061
HGW0109674464,2016-10-03T05:00:00,245-0016,226,,,,,,,
HGW4266179256,2016-10-03T05:00:00,595-0813,386,,,,,,,0.008
HGW2507102389,2016-10-03T05:00:00,245-0016,292,,,,,,,
HGW0292545493,2016-10-03T05:00:00,194-0032,970,,,,,,,
HGW1888757583,2016-10-03T05:00:00,194-0032,124,,,,,,,
HGW3087458710,2016-10-03T05:00:00,573-0084,278,,,,,,,0.012
HGW1163585690,2016-10-03T05:00:00,573-0084,47,,,,,206,0.07,
HGW2360924179,2016-10-03T05:00:00,245-0016,373,,,,,,,0.007
HGW2979506575,2016-10-03T05:00:00,573-0084,201,,,,,,,0.015
HGW3939678160,2016-10-03T05:00:00,573-0084,177,,,,,229,0.065,0.001
HGW1901037140,2016-10-03T05:00:00,573-0084,246,,,,,,,
HGW2794906293,2016-10-03T05:00:00,194-0032,995,,,,,,,
HGW1255839825,2016-10-03T05:00:00,573-0084,255,,,,,,,
HGW1922304917,2016-10-03T05:00:00,274-0063,454,,,,,,,0.117
HGW0723606708,2016-10-03T05:00:00,194-0032,208,,,,,,,
HGW4233223550,2016-10-03T05:00:00,573-0084,308,,,,,,,0.007
HGW3975340233,2016-10-03T05:00:00,194-0032,804,,,,,,,0.011
HGW1770315374,2016-10-03T05:00:00,245-0016,317,,,,,,,0.001
HGW2211161695,2016-10-03T05:00:00,573-0084,183,,,,,,,
HGW3979453947,2016-10-03T05:00:00,274-0063,253,,,,,,,
HGW3210466135,2016-10-03T05:00:00,573-0084,286,,,,,,,
HGW1150228943,2016-10-03T05:00:00,194-0032,254,,,,,,,0.011
HGW3896978369,2016-10-03T05:00:00,245-0016,807,,,,,,,0.02
HGW0224584910,2016-10-03T05:00:00,573-0084,502,,,,,182,0.05,
HGW2352450618,2016-10-03T05:00:00,194-0032,283,,,,,,,0.03
HGW1382864968,2016-10-03T05:00:00,194-0032,334,,,,,,,0.077
HGW3299398081,2016-10-03T05:00:00,595-0813,251,,,,,359,0.095,
HGW3556093971,2016-10-03T05:00:00,595-0813,265,,,,,,,
HGW1779326846,2016-10-03T05:00:00,595-0813,183,,,1,,,,0.017
HGW0980111669,2016-10-03T05:00:00,245-0016,159,,,,,206,0.04,0.025
HGW0548855049,2016-10-03T05:00:00,245-0016,222,,,,,,,
HGW2019559833,2016-10-03T05:00:00,194-0032,267,,,,,,,0.023
HGW3905059517,2016-10-03T05:00:00,274-0063,586,,,,,,,
HGW3107087926,2016-10-03T05:00:00,595-0813,192,,,,,,,
HGW4090376889,2016-10-03T05:00:00,245-0016,227,,,,,264,0.075,0.074
HGW2896326762,2016-10-03T05:00:00,274-0063,236,,,,,,,
HGW3027793024,2016-10-03T05:00:00,245-0016,77,,,,,196,0.17,0.021
HGW1337358987,2016-10-03T05:00:00,274-0063,76,,,,,214,0.07,
HGW3766800683,2016-10-03T05:00:00,194-0032,59,,,,,286,0.085,0.035
HGW2238224375,2016-10-03T05:00:00,573-0084,55,,,,,199,0.085,0.006
HGW2500187106,2016-10-03T05:00:00,595-0813,288,,,,,309,0.085,0.038
HGW2633657355,2016-10-03T05:00:00,573-0084,109,,,,,252,0.14,0.004
HGW3036983001,2016-10-03T05:00:00,595-0813,308,,,,,,,0.005
HGW0340690536,2016-10-03T05:00:00,595-0813,114,,,,,227,0.08,0.006
HGW3521173424,2016-10-03T05:00:00,245-0016,389,,,,,295,0.115,0.025
HGW2405676507,2016-10-03T05:00:00,274-0063,44,,,,,161,0.065,
HGW1633016930,2016-10-03T05:00:00,573-0084,506,,,,,,0.03,0.04
HGW4048014188,2016-10-03T05:00:00,194-0032,403,,,,,280,0.095,0.018
HGW4228193834,2016-10-03T05:00:00,245-0016,819,,,,,,,
HGW3199834989,2016-10-03T05:00:00,245-0016,52,,,,,161,0.07,0.02
HGW0852590661,2016-10-03T05:00:00,595-0813,178,,,,,332,0.12,0.065
HGW3417223008,2016-10-03T05:00:00,194-0032,200,,,,,,,
HGW0008585550,2016-10-03T05:00:00,573-0084,253,,,,,,,0.006
HGW3412860148,2016-10-03T05:00:00,194-0032,306,,,,9,,,
HGW0297198766,2016-10-03T05:00:00,595-0813,209,,,,,261,0.08,
HGW1392167190,2016-10-03T05:00:00,573-0084,48,,,,,225,0.065,
HGW0359516503,2016-10-03T05:00:00,194-0032,395,,,,,,0.315,0.005
HGW2950693375,2016-10-03T05:00:00,573-0084,1117,,,,,,,
HGW1540053189,2016-10-03T06:00:00,276-0046,160,12,,,,,,
HGW1849081661,2016-10-03T06:00:00,261-0013,820,15,,,,,,
HGW2592410415,2016-10-03T06:00:00,276-0046,420,,,,,,0.18,
HGW4192227781,2016-10-03T06:00:00,206-0824,230,3,,,,,,
HGW2440335259,2016-10-03T06:00:00,206-0824,90,,,,,258,0.07,
HGW0022302486,2016-10-03T06:00:00,276-0046,70,,,,,186,0.07,
HGW0119000400,2016-10-03T06:00:00,276-0046,220,,,,,413,0.11,
HGW3729565342,2016-10-03T06:00:00,206-0824,190,,,,,385,0.09,
HGW0527078356,2016-10-03T06:00:00,206-0824,250,3,,,,,,
HGW3418795782,2016-10-03T06:00:00,276-0046,70,,,,,151,0.06,
HGW4086841355,2016-10-03T06:00:00,261-0013,260,,,,,236,0.1,
HGW2053016894,2016-10-03T06:00:00,261-0013,320,1,,,,591,0.15,
HGW4262390424,2016-10-03T06:00:00,276-0046,350,,,,,,,
HGW2056923843,2016-10-03T06:00:00,276-0046,930,,,,,,,
HGW1567490790,2016-10-03T06:00:00,276-0046,670,12,,,,,,
HGW2731818357,2016-10-03T06:00:00,276-0046,330,,,,,,,
HGW0999938138,2016-10-03T06:00:00,261-0013,610,11,,,,,0.03,
HGW1484386037,2016-10-03T06:00:00,261-0013,820,3,,,,,,
HGW2626196856,2016-10-03T06:00:00,276-0046,320,,,,,489,0.12,
HGW2550549887,2016-10-03T06:00:00,261-0013,120,,,,,,,
HGW3813403007,2016-10-03T06:00:00,261-0013,500,,,,,369,0.1,
HGW0341161038,2016-10-03T06:00:00,276-0046,780,,,,,,,
HGW3506558406,2016-10-03T06:00:00,276-0046,240,2,,,,,,
HGW3088922230,2016-10-03T06:00:00,206-0824,1100,56,,,,,,
HGW0807025331,2016-10-03T06:00:00,261-0013,170,2,,,,,,
HGW3316354389,2016-10-03T06:00:00,276-0046,110,3,,,,265,0.08,
HGW3835466207,2016-10-03T06:00:00,261-0013,250,18,,,,,,
HGW3938264288,2016-10-03T06:00:00,261-0013,310,,,51,,,,
HGW0960788623,2016-10-03T06:00:00,206-0824,330,7,,,,,,
HGW2465318239,2016-10-03T06:00:00,206-0824,190,,,,,325,,
HGW4201723405,2016-10-03T06:00:00,206-0824,610,51,,,,,,
HGW3424705551,2016-10-03T06:00:00,276-0046,120,,,,,,,
HGW0011113187,2016-10-03T06:00:00,261-0013,240,45,,,,,,
HGW1724705971,2016-10-03T06:00:00,206-0824,250,,,,,,,
HGW2862754275,2016-10-03T06:00:00,573-0084,207,38,,,,,,0.063
HGW2864422167,2016-10-03T06:00:00,274-0063,181,50,,,8,,0.01,0.014
HGW1145276568,2016-10-03T06:00:00,194-0032,58,37,9,,18,254,0.075,0.025
HGW1628028254,2016-10-03T06:00:00,245-0016,142,34,,,,,,0.036
HGW3819013474,2016-10-03T06:00:00,245-0016,292,26,2,,,312,0.135,0.169
HGW0109674464,2016-10-03T06:00:00,245-0016,308,40,,,,,,0.033
HGW4266179256,2016-10-03T06:00:00,595-0813,391,27,,,44,,,0.245
HGW2507102389,2016-10-03T06:00:00,245-0016,754,36,,,,,,0.043
HGW0292545493,2016-10-03T06:00:00,194-0032,579,37,,,,,,0.146
HGW1888757583,2016-10-03T06:00:00,194-0032,86,36,,,,,,0.14
HGW3087458710,2016-10-03T06:00:00,573-0084,311,44,,84,,,,0.016
HGW1163585690,2016-10-03T06:00:00,573-0084,120,34,,,18,299,0.08,0.012
HGW2360924179,2016-10-03T06:00:00,245-0016,626,35,,,86,,,0.024
HGW2979506575,2016-10-03T06:00:00,573-0084,268,38,,,,,,0.019
HGW3939678160,2016-10-03T06:00:00,573-0084,233,21,,,,229,0.11,0.056
HGW1901037140,2016-10-03T06:00:00,573-0084,190,48,,,,,,
HGW2794906293,2016-10-03T06:00:00,194-0032,591,33,,,,,,
HGW1255839825,2016-10-03T06:00:00,573-0084,234,41,,,,,,0.01
HGW1922304917,2016-10-03T06:00:00,274-0063,310,44,,,,,,0.085
HGW0723606708,2016-10-03T06:00:00,194-0032,184,35,,,,,,
HGW4233223550,2016-10-03T06:00:00,573-0084,350,25,,,,,0.08,0.096
HGW3975340233,2016-10-03T06:00:00,194-0032,531,39,,,,,,0.009
HGW1770315374,2016-10-03T06:00:00,245-0016,785,35,,,,,,0.095
HGW2211161695,2016-10-03T06:00:00,573-0084,172,20,,,,,,0.015
HGW3979453947,2016-10-03T06:00:00,274-0063,592,23,,,1,,0.02,0.1
HGW3210466135,2016-10-03T06:00:00,573-0084,1005,39,,,,,,0.045
HGW1150228943,2016-10-03T06:00:00,194-0032,448,23,,,36,,0.36,0.037
HGW3896978369,2016-10-03T06:00:00,245-0016,263,39,,,,,,
HGW0224584910,2016-10-03T06:00:00,573-0084,700,22,,,18,,0.555,0.009
HGW2352450618,2016-10-03T06:00:00,194-0032,272,36,,,,,,0.01
HGW1382864968,2016-10-03T06:00:00,194-0032,499,13,,,,,0.01,0.072
HGW3299398081,2016-10-03T06:00:00,595-0813,258,26,,,25,359,0.17,0.042
HGW3556093971,2016-10-03T06:00:00,595-0813,370,39,,,,,,0.009
HGW1779326846,2016-10-03T06:00:00,595-0813,278,25,,82,,,,0.009
HGW0980111669,2016-10-03T06:00:00,245-0016,155,17,,,,337,0.05,0.075
HGW0548855049,2016-10-03T06:00:00,245-0016,195,23,,,,,,
HGW2019559833,2016-10-03T06:00:00,194-0032,562,34,,,,,,0.078
HGW3905059517,2016-10-03T06:00:00,274-0063,384,40,,,,,,0.016
HGW3107087926,2016-10-03T06:00:00,595-0813,176,21,,,,,,
HGW4090376889,2016-10-03T06:00:00,245-0016,530,38,,,,319,0.385,0.055
HGW2896326762,2016-10-03T06:00:00,274-0063,183,32,,,,,,0.122
HGW3027793024,2016-10-03T06:00:00,245-0016,154,32,2,,56,503,0.13,0.027
HGW1337358987,2016-10-03T06:00:00,274-0063,40,53,16,,,191,0.07,
HGW3766800683,2016-10-03T06:00:00,194-0032,209,31,1,,52,373,0.1,0.006
HGW2238224375,2016-10-03T06:00:00,573-0084,142,41,,,43,251,0.08,0.018
HGW2500187106,2016-10-03T06:00:00,595-0813,185,40,,,,318,0.09,0.021
HGW2633657355,2016-10-03T06:00:00,573-0084,113,31,1,,17,286,0.12,0.012
HGW3036983001,2016-10-03T06:00:00,595-0813,456,28,,,30,,0.02,0.053
HGW0340690536,2016-10-03T06:00:00,595-0813,187,34,2,,42,274,0.075,0.115
HGW3521173424,2016-10-03T06:00:00,245-0016,547,46,2,,,453,0.13,0.12
HGW2405676507,2016-10-03T06:00:00,274-0063,77,31,5,,,185,0.135,
HGW1633016930,2016-10-03T06:00:00,573-0084,603,35,,,,,0.05,0.024
HGW4048014188,2016-10-03T06:00:00,194-0032,143,44,9,,,330,0.09,0.286
HGW4228193834,2016-10-03T06:00:00,245-0016,744,39,,,38,,,0.006
HGW3199834989,2016-10-03T06:00:00,245-0016,104,32,5,,,247,0.07,0.061
HGW0852590661,2016-10-03T06:00:00,595-0813,36,29,5,,,219,0.07,
HGW3417223008,2016-10-03T06:00:00,194-0032,265,33,,,31,,,0.091
HGW0008585550,2016-10-03T06:00:00,573-0084,205,38,,,,,,0.008
HGW3412860148,2016-10-03T06:00:00,194-0032,543,34,,,48,,0.03,0.184
HGW0297198766,2016-10-03T06:00:00,595-0813,74,37,1,,,255,0.07,0.015
HGW1392167190,2016-10-03T06:00:00,573-0084,117,36,4,,139,242,0.08,0.037
HGW0359516503,2016-10-03T06:00:00,194-0032,404,37,,,,,0.27,0.008
HGW2950693375,2016-10-03T06:00:00,573-0084,674,145,,,,,,
HGW1540053189,2016-10-03T07:00:00,276-0046,30,171,70,,,,,
HGW1849081661,2016-10-03T07:00:00,261-0013,100,192,80,,,,,
HGW2592410415,2016-10-03T07:00:00,276-0046,380,10,,,,,,
HGW4192227781,2016-10-03T07:00:00,206-0824,210,50,,,,,,
HGW2440335259,2016-10-03T07:00:00,206-0824,100,2,,,,270,0.08,
HGW0022302486,2016-10-03T07:00:00,276-0046,110,11,,,81,226,0.11,
HGW0119000400,2016-10-03T07:00:00,276-0046,160,3,,,,448,0.11,
HGW3729565342,2016-10-03T07:00:00,206-0824,280,28,,,37,369,0.12,
HGW0527078356,2016-10-03T07:00:00,206-0824,130,48,,,,,,
HGW3418795782,2016-10-03T07:00:00,276-0046,170,7,,,340,383,0.1,
HGW4086841355,2016-10-03T07:00:00,261-0013,90,10,,,,248,0.06,
HGW2053016894,2016-10-03T07:00:00,261-0013,280,20,,,275,492,0.12,
HGW4262390424,2016-10-03T07:00:00,276-0046,310,9,,,,,,
HGW2056923843,2016-10-03T07:00:00,276-0046,280,6,,,154,,,
HGW1567490790,2016-10-03T07:00:00,276-0046,740,170,,,,,,
HGW2731818357,2016-10-03T07:00:00,276-0046,220,34,,,,,,
HGW0999938138,2016-10-03T07:00:00,261-0013,180,173,,,39,439,0.12,
HGW1484386037,2016-10-03T07:00:00,261-0013,540,49,,,193,,,
HGW2626196856,2016-10-03T07:00:00,276-0046,100,42,10,,2,483,0.12,
HGW2550549887,2016-10-03T07:00:00,261-0013,120,8,,,,,,
HGW3813403007,2016-10-03T07:00:00,261-0013,900,9,,,,371,0.09,
HGW0341161038,2016-10-03T07:00:00,276-0046,820,32,,,370,5,0.04,
HGW3506558406,2016-10-03T07:00:00,276-0046,130,53,,,237,,,
HGW3088922230,2016-10-03T07:00:00,206-0824,460,285,,,,,,
HGW0807025331,2016-10-03T07:00:00,261-0013,130,50,,,,,,
HGW3316354389,2016-10-03T07:00:00,276-0046,70,50,10,,,228,0.06,
HGW3835466207,2016-10-03T07:00:00,261-0013,130,116,,,,,,
HGW3938264288,2016-10-03T07:00:00,261-0013,250,27,,,,,,
HGW0960788623,2016-10-03T07:00:00,206-0824,330,75,,,46,,,
HGW2465318239,2016-10-03T07:00:00,206-0824,80,8,10,,,362,,
HGW4201723405,2016-10-03T07:00:00,206-0824,380,262,,,,,,
HGW3424705551,2016-10-03T07:00:00,276-0046,130,,,,,,,
HGW0011113187,2016-10-03T07:00:00,261-0013,160,264,,,1331,,,
HGW1724705971,2016-10-03T07:00:00,206-0824,210,17,,,,,,
HGW2862754275,2016-10-03T07:00:00,573-0084,152,211,6,,,,,0.056
HGW2864422167,2016-10-03T07:00:00,274-0063,275,236,,,8,,,0.033
HGW1145276568,2016-10-03T07:00:00,194-0032,44,211,110,,29,244,0.08,0.017
HGW1628028254,2016-10-03T07:00:00,245-0016,129,197,3,,,,,0.009
HGW3819013474,2016-10-03T07:00:00,245-0016,53,177,110,,4,364,0.16,0.071
HGW0109674464,2016-10-03T07:00:00,245-0016,240,215,13,,,,,0.072
HGW4266179256,2016-10-03T07:00:00,595-0813,435,178,14,,18,,,0.032
HGW2507102389,2016-10-03T07:00:00,245-0016,709,204,2,,,,,0.009
HGW0292545493,2016-10-03T07:00:00,194-0032,424,206,9,,,,,0.068
HGW1888757583,2016-10-03T07:00:00,194-0032,14,205,91,,,,,
HGW3087458710,2016-10-03T07:00:00,573-0084,103,220,16,,,,,
HGW1163585690,2016-10-03T07:00:00,573-0084,171,188,41,,118,313,0.13,0.027
HGW2360924179,2016-10-03T07:00:00,245-0016,464,194,,,12,,,0.041
HGW2979506575,2016-10-03T07:00:00,573-0084,89,215,32,,,,,
HGW3939678160,2016-10-03T07:00:00,573-0084,130,160,9,,16,234,0.08,0.172
HGW1901037140,2016-10-03T07:00:00,573-0084,52,233,24,,,,,0.032
HGW2794906293,2016-10-03T07:00:00,194-0032,264,170,,,,,,
HGW1255839825,2016-10-03T07:00:00,573-0084,252,189,,,56,,0.045,0.058
HGW1922304917,2016-10-03T07:00:00,274-0063,176,223,34,,,,,0.017
HGW0723606708,2016-10-03T07:00:00,194-0032,176,203,14,,,,,
HGW4233223550,2016-10-03T07:00:00,573-0084,271,175,,,56,,,0.15
HGW3975340233,2016-10-03T07:00:00,194-0032,472,212,,,,,,0.007
HGW1770315374,2016-10-03T07:00:00,245-0016,825,205,,,,,,0.033
HGW2211161695,2016-10-03T07:00:00,573-0084,113,156,9,,,1,0.02,0.133
HGW3979453947,2016-10-03T07:00:00,274-0063,139,162,97,,,239,0.035,0.019
HGW3210466135,2016-10-03T07:00:00,573-0084,1629,207,,,,,,0.1
HGW1150228943,2016-10-03T07:00:00,194-0032,311,162,,,,,0.32,0.068
HGW3896978369,2016-10-03T07:00:00,245-0016,57,208,39,204,,,,0.018
HGW0224584910,2016-10-03T07:00:00,573-0084,381,167,,,13,,0.01,0.065
HGW2352450618,2016-10-03T07:00:00,194-0032,607,204,,,,,,0.028
HGW1382864968,2016-10-03T07:00:00,194-0032,422,111,,,,,0.005,0.059
HGW3299398081,2016-10-03T07:00:00,595-0813,130,167,24,,,344,0.09,0.104
HGW3556093971,2016-10-03T07:00:00,595-0813,166,213,2,,,,,0.014
HGW1779326846,2016-10-03T07:00:00,595-0813,93,170,32,,32,,,0.049
HGW0980111669,2016-10-03T07:00:00,245-0016,55,158,53,,1,299,0.05,0.179
HGW0548855049,2016-10-03T07:00:00,245-0016,63,167,44,,,,,
HGW2019559833,2016-10-03T07:00:00,194-0032,218,204,18,,,,,0.027
HGW3905059517,2016-10-03T07:00:00,274-0063,592,209,,,,,,0.057
HGW3107087926,2016-10-03T07:00:00,595-0813,79,155,26,,,,,0.006
HGW4090376889,2016-10-03T07:00:00,245-0016,248,202,,,,343,0.335,0.088
HGW2896326762,2016-10-03T07:00:00,274-0063,57,177,30,,,,,
HGW3027793024,2016-10-03T07:00:00,245-0016,98,185,66,,3,479,0.125,0.09
HGW1337358987,2016-10-03T07:00:00,274-0063,5,243,183,,,195,0.08,
HGW3766800683,2016-10-03T07:00:00,194-0032,116,214,54,,137,475,0.13,0.037
HGW2238224375,2016-10-03T07:00:00,573-0084,111,209,17,,,297,0.08,0.103
HGW2500187106,2016-10-03T07:00:00,595-0813,95,204,90,,,332,0.095,0.037
HGW2633657355,2016-10-03T07:00:00,573-0084,51,182,91,,,330,0.095,0.011
HGW3036983001,2016-10-03T07:00:00,595-0813,383,174,,,,,,0.029
HGW0340690536,2016-10-03T07:00:00,595-0813,68,193,93,,20,247,0.075,0.024
HGW3521173424,2016-10-03T07:00:00,245-0016,292,219,47,,,465,0.12,0.143
HGW2405676507,2016-10-03T07:00:00,274-0063,11,187,130,,,338,0.09,
HGW1633016930,2016-10-03T07:00:00,573-0084,97,194,24,,,,,0.005
HGW4048014188,2016-10-03T07:00:00,194-0032,19,226,155,,,342,0.095,0.011
HGW4228193834,2016-10-03T07:00:00,245-0016,442,203,,,169,,,0.004
HGW3199834989,2016-10-03T07:00:00,245-0016,3,186,133,,,218,0.065,0.009
HGW0852590661,2016-10-03T07:00:00,595-0813,10,179,98,,4,241,0.095,0.035
HGW3417223008,2016-10-03T07:00:00,194-0032,230,197,3,,178,,,0.118
HGW0008585550,2016-10-03T07:00:00,573-0084,141,198,6,,,,,0.013
HGW3412860148,2016-10-03T07:00:00,194-0032,229,200,1,169,,,,0.007
HGW0297198766,2016-10-03T07:00:00,595-0813,45,200,65,,81,349,0.1,0.066
HGW1392167190,2016-10-03T07:00:00,573-0084,61,204,127,,,262,0.075,0.068
HGW0359516503,2016-10-03T07:00:00,194-0032,193,198,33,,,,0.185,0.008
HGW2950693375,2016-10-03T07:00:00,573-0084,114,782,227,,,,,
HGW1540053189,2016-10-03T08:00:00,276-0046,10,512,390,,,,,
HGW1849081661,2016-10-03T08:00:00,261-0013,,544,410,,,,,
HGW2592410415,2016-10-03T08:00:00,276-0046,110,106,10,,,,,
HGW4192227781,2016-10-03T08:00:00,206-0824,110,163,10,,,,,
HGW2440335259,2016-10-03T08:00:00,206-0824,40,86,10,,,259,0.2,
HGW0022302486,2016-10-03T08:00:00,276-0046,140,110,20,,22,324,0.09,
HGW0119000400,2016-10-03T08:00:00,276-0046,130,90,10,,,370,0.09,
HGW3729565342,2016-10-03T08:00:00,206-0824,60,138,100,,,310,0.09,
HGW0527078356,2016-10-03T08:00:00,206-0824,180,156,10,,377,,,
HGW3418795782,2016-10-03T08:00:00,276-0046,20,95,80,,634,657,0.17,
HGW4086841355,2016-10-03T08:00:00,261-0013,10,141,120,,,596,0.15,
HGW2053016894,2016-10-03T08:00:00,261-0013,110,142,10,,290,559,0.14,
HGW4262390424,2016-10-03T08:00:00,276-0046,170,107,10,,,,,
HGW2056923843,2016-10-03T08:00:00,276-0046,730,108,,,155,,,
HGW1567490790,2016-10-03T08:00:00,276-0046,580,512,,,,,,
HGW2731818357,2016-10-03T08:00:00,276-0046,200,179,,,8,,,
HGW0999938138,2016-10-03T08:00:00,261-0013,60,511,,,8,494,0.12,
HGW1484386037,2016-10-03T08:00:00,261-0013,160,155,10,,10,,,
HGW2626196856,2016-10-03T08:00:00,276-0046,50,202,140,,7,533,0.13,
HGW2550549887,2016-10-03T08:00:00,261-0013,40,110,40,,,,,
HGW3813403007,2016-10-03T08:00:00,261-0013,910,102,,,,370,0.09,
HGW0341161038,2016-10-03T08:00:00,276-0046,80,163,120,,,196,0.07,
HGW3506558406,2016-10-03T08:00:00,276-0046,140,190,,,414,,0.04,
HGW3088922230,2016-10-03T08:00:00,206-0824,1270,675,,,,,,
HGW0807025331,2016-10-03T08:00:00,261-0013,120,161,10,,,,,
HGW3316354389,2016-10-03T08:00:00,276-0046,60,159,80,,,236,0.08,
HGW3835466207,2016-10-03T08:00:00,261-0013,80,280,130,,,,,
HGW3938264288,2016-10-03T08:00:00,261-0013,340,131,,,,,,
HGW0960788623,2016-10-03T08:00:00,206-0824,460,180,,,388,,,
HGW2465318239,2016-10-03T08:00:00,206-0824,40,114,80,,,506,,
HGW4201723405,2016-10-03T08:00:00,206-0824,210,615,,,,,,
HGW3424705551,2016-10-03T08:00:00,276-0046,120,,,,,,,
HGW0011113187,2016-10-03T08:00:00,261-0013,160,626,,,1491,,,
HGW1724705971,2016-10-03T08:00:00,206-0824,90,124,10,,,,,
HGW2862754275,2016-10-03T08:00:00,573-0084,1,648,338,,,,,0.027
HGW2864422167,2016-10-03T08:00:00,274-0063,29,714,207,,366,,,0.01
HGW1145276568,2016-10-03T08:00:00,194-0032,,650,574,,,195,0.07,0.011
HGW1628028254,2016-10-03T08:00:00,245-0016,4,617,292,,,,,0.04
HGW3819013474,2016-10-03T08:00:00,245-0016,,568,478,,,259,0.075,0.018
HGW0109674464,2016-10-03T08:00:00,245-0016,,651,361,,,,,0.008
HGW4266179256,2016-10-03T08:00:00,595-0813,48,563,242,,,,,
HGW2507102389,2016-10-03T08:00:00,245-0016,18,640,313,,,,,
HGW0292545493,2016-10-03T08:00:00,194-0032,25,636,73,,,,,0.092
HGW1888757583,2016-10-03T08:00:00,194-0032,,634,503,,,,,
HGW3087458710,2016-10-03T08:00:00,573-0084,7,660,341,,89,,,0.02
HGW1163585690,2016-10-03T08:00:00,573-0084,,585,391,,,281,0.08,
HGW2360924179,2016-10-03T08:00:00,245-0016,113,584,26,,50,,,0.131
HGW2979506575,2016-10-03T08:00:00,573-0084,1,648,360,,,,,0.018
HGW3939678160,2016-10-03T08:00:00,573-0084,10,517,323,,,343,0.125,0.057
HGW1901037140,2016-10-03T08:00:00,573-0084,97,703,235,,,,,0.008
HGW2794906293,2016-10-03T08:00:00,194-0032,121,608,102,,,,,
HGW1255839825,2016-10-03T08:00:00,573-0084,20,561,256,,,,,0.032
HGW1922304917,2016-10-03T08:00:00,274-0063,1,678,430,,,,,0.007
HGW0723606708,2016-10-03T08:00:00,194-0032,3,634,253,,,,,
HGW4233223550,2016-10-03T08:00:00,573-0084,22,557,273,,,,,0.052
HGW3975340233,2016-10-03T08:00:00,194-0032,48,647,119,,,,,
HGW1770315374,2016-10-03T08:00:00,245-0016,352,640,,,,,,0.029
HGW2211161695,2016-10-03T08:00:00,573-0084,1,516,307,,,2,,0.009
HGW3979453947,2016-10-03T08:00:00,274-0063,,526,433,,,350,0.045,0.001
HGW3210466135,2016-10-03T08:00:00,573-0084,1343,640,10,,,,,0.116
HGW1150228943,2016-10-03T08:00:00,194-0032,6,519,153,,,,0.285,0.025
HGW3896978369,2016-10-03T08:00:00,245-0016,494,639,2,91,,,,0.05
HGW0224584910,2016-10-03T08:00:00,573-0084,15,544,147,,,,,0.031
HGW2352450618,2016-10-03T08:00:00,194-0032,62,629,321,,,,,
HGW1382864968,2016-10-03T08:00:00,194-0032,168,361,8,,,,0.02,0.027
HGW3299398081,2016-10-03T08:00:00,595-0813,31,524,176,,,357,0.25,0.122
HGW3556093971,2016-10-03T08:00:00,595-0813,,650,254,,,,,0.018
HGW1779326846,2016-10-03T08:00:00,595-0813,14,551,316,,,,,0.046
HGW0980111669,2016-10-03T08:00:00,245-0016,127,521,296,,27,393,0.135,0.116
HGW0548855049,2016-10-03T08:00:00,245-0016,1,545,360,,,,,
HGW2019559833,2016-10-03T08:00:00,194-0032,29,638,239,,,,,0.015
HGW3905059517,2016-10-03T08:00:00,274-0063,216,646,101,,,,,0.113
HGW3107087926,2016-10-03T08:00:00,595-0813,,502,294,,,,,
HGW4090376889,2016-10-03T08:00:00,245-0016,18,628,215,,,290,0.325,0.02
HGW2896326762,2016-10-03T08:00:00,274-0063,,568,366,,,,,
HGW3027793024,2016-10-03T08:00:00,245-0016,6,577,465,,72,550,0.145,0.014
HGW1337358987,2016-10-03T08:00:00,274-0063,1,731,612,,,236,0.07,
HGW3766800683,2016-10-03T08:00:00,194-0032,1,682,476,,84,387,0.15,0.008
HGW2238224375,2016-10-03T08:00:00,573-0084,,637,563,,43,242,0.08,0.03
HGW2500187106,2016-10-03T08:00:00,595-0813,1,626,514,,,254,0.075,
HGW2633657355,2016-10-03T08:00:00,573-0084,,573,457,,,311,0.085,
HGW3036983001,2016-10-03T08:00:00,595-0813,8,558,295,,,,,0.008
HGW0340690536,2016-10-03T08:00:00,595-0813,,611,506,,,314,0.12,0.02
HGW3521173424,2016-10-03T08:00:00,245-0016,26,675,407,,,466,0.19,0.03
HGW2405676507,2016-10-03T08:00:00,274-0063,2,590,512,,28,284,0.075,
HGW1633016930,2016-10-03T08:00:00,573-0084,,610,356,,,,,
HGW4048014188,2016-10-03T08:00:00,194-0032,1,694,621,,,176,0.07,
HGW4228193834,2016-10-03T08:00:00,245-0016,77,635,38,,13,,,0.005
HGW3199834989,2016-10-03T08:00:00,245-0016,1,580,489,,17,232,0.07,0.001
HGW0852590661,2016-10-03T08:00:00,595-0813,,574,432,,42,242,0.08,0.025
HGW3417223008,2016-10-03T08:00:00,194-0032,6,612,295,,,,,0.003
HGW0008585550,2016-10-03T08:00:00,573-0084,,619,286,,,,,0.017
HGW3412860148,2016-10-03T08:00:00,194-0032,124,622,9,365,,,,0.006
HGW0297198766,2016-10-03T08:00:00,595-0813,4,627,331,,275,344,0.14,0.054
HGW1392167190,2016-10-03T08:00:00,573-0084,,637,578,,,231,0.07,
HGW0359516503,2016-10-03T08:00:00,194-0032,,615,434,,,,,
HGW2950693375,2016-10-03T08:00:00,573-0084,,2466,1069,340,,,,
HGW1540053189,2016-10-03T09:00:00,276-0046,,720,580,,,,,
HGW1849081661,2016-10-03T09:00:00,261-0013,,770,630,,,,,
HGW2592410415,2016-10-03T09:00:00,276-0046,1730,171,40,1576,,,,
HGW4192227781,2016-10-03T09:00:00,206-0824,90,221,50,,,,,
HGW2440335259,2016-10-03T09:00:00,206-0824,50,141,100,,,492,0.44,
HGW0022302486,2016-10-03T09:00:00,276-0046,430,178,,,94,240,0.07,
HGW0119000400,2016-10-03T09:00:00,276-0046,20,151,100,,,263,0.07,
HGW3729565342,2016-10-03T09:00:00,206-0824,60,202,110,,11,276,0.2,
HGW0527078356,2016-10-03T09:00:00,206-0824,190,220,,,,,0.16,
HGW3418795782,2016-10-03T09:00:00,276-0046,10,155,120,,290,490,0.12,
HGW4086841355,2016-10-03T09:00:00,261-0013,10,218,180,,,528,0.13,
HGW2053016894,2016-10-03T09:00:00,261-0013,70,211,100,,,551,0.13,
HGW4262390424,2016-10-03T09:00:00,276-0046,140,173,50,,,,,
HGW2056923843,2016-10-03T09:00:00,276-0046,710,171,30,,9,,,
HGW1567490790,2016-10-03T09:00:00,276-0046,250,713,250,,,,,
HGW2731818357,2016-10-03T09:00:00,276-0046,140,263,50,,,,0.02,
HGW0999938138,2016-10-03T09:00:00,261-0013,120,721,,,29,253,0.08,
HGW1484386037,2016-10-03T09:00:00,261-0013,60,219,80,,,,,
HGW2626196856,2016-10-03T09:00:00,276-0046,20,293,200,,,444,0.11,
HGW2550549887,2016-10-03T09:00:00,261-0013,50,168,90,,,,,
HGW3813403007,2016-10-03T09:00:00,261-0013,930,166,,,,372,0.1,
HGW0341161038,2016-10-03T09:00:00,276-0046,,251,230,,,146,0.07,
HGW3506558406,2016-10-03T09:00:00,276-0046,100,277,70,,130,256,0.08,
HGW3088922230,2016-10-03T09:00:00,206-0824,1610,893,,,,,,
HGW0807025331,2016-10-03T09:00:00,261-0013,90,228,80,,,,,
HGW3316354389,2016-10-03T09:00:00,276-0046,10,225,130,,,238,0.07,
HGW3835466207,2016-10-03T09:00:00,261-0013,80,369,170,,,,,
HGW3938264288,2016-10-03T09:00:00,261-0013,70,196,70,,,,,
HGW0960788623,2016-10-03T09:00:00,206-0824,500,242,,,488,,,
HGW2465318239,2016-10-03T09:00:00,206-0824,160,169,80,,282,480,,
HGW4201723405,2016-10-03T09:00:00,206-0824,300,830,,,,,,
HGW3424705551,2016-10-03T09:00:00,276-0046,130,,,,,,,
HGW0011113187,2016-10-03T09:00:00,261-0013,310,854,,,811,,,
HGW1724705971,2016-10-03T09:00:00,206-0824,80,187,70,,,,,
HGW2862754275,2016-10-03T09:00:00,573-0084,,640,316,,,,,
HGW2864422167,2016-10-03T09:00:00,274-0063,114,713,77,,520,,,
HGW1145276568,2016-10-03T09:00:00,194-0032,,644,591,,,189,0.065,
HGW1628028254,2016-10-03T09:00:00,245-0016,,615,333,,,,,
HGW3819013474,2016-10-03T09:00:00,245-0016,1,567,452,,78,357,0.09,0.119
HGW0109674464,2016-10-03T09:00:00,245-0016,,645,376,,,,,
HGW4266179256,2016-10-03T09:00:00,595-0813,12,558,242,,,,,
HGW2507102389,2016-10-03T09:00:00,245-0016,380,636,1,,,,,
HGW0292545493,2016-10-03T09:00:00,194-0032,427,631,12,,,,,0.019
HGW1888757583,2016-10-03T09:00:00,194-0032,,622,492,,,,,
HGW3087458710,2016-10-03T09:00:00,573-0084,,659,387,,,,,0.174
HGW1163585690,2016-10-03T09:00:00,573-0084,,588,486,,5,232,0.07,
HGW2360924179,2016-10-03T09:00:00,245-0016,54,582,106,,,,,0.002
HGW2979506575,2016-10-03T09:00:00,573-0084,,649,411,,,,,
HGW3939678160,2016-10-03T09:00:00,573-0084,33,517,147,,218,241,0.49,0.04
HGW1901037140,2016-10-03T09:00:00,573-0084,2,702,302,,,,,0.011
HGW2794906293,2016-10-03T09:00:00,194-0032,406,686,,,,,,
HGW1255839825,2016-10-03T09:00:00,573-0084,,556,313,,,,,
HGW1922304917,2016-10-03T09:00:00,274-0063,,677,400,,,,,
HGW0723606708,2016-10-03T09:00:00,194-0032,1,634,252,,,,,
HGW4233223550,2016-10-03T09:00:00,573-0084,,550,325,,,,,
HGW3975340233,2016-10-03T09:00:00,194-0032,18,643,176,,,,,
HGW1770315374,2016-10-03T09:00:00,245-0016,20,639,136,,,,,
HGW2211161695,2016-10-03T09:00:00,573-0084,,518,323,,,3,,0.01
HGW3979453947,2016-10-03T09:00:00,274-0063,1,525,437,,20,481,0.065,0.031
HGW3210466135,2016-10-03T09:00:00,573-0084,899,631,55,,,,,
HGW1150228943,2016-10-03T09:00:00,194-0032,10,516,191,,,,0.1,0.002
HGW3896978369,2016-10-03T09:00:00,245-0016,873,624,8,72,,,,
HGW0224584910,2016-10-03T09:00:00,573-0084,75,534,138,,11,,,0.04
HGW2352450618,2016-10-03T09:00:00,194-0032,1,624,368,,,,,
HGW1382864968,2016-10-03T09:00:00,194-0032,71,353,24,,,,,
HGW3299398081,2016-10-03T09:00:00,595-0813,5,525,159,,,357,0.365,0.02
HGW3556093971,2016-10-03T09:00:00,595-0813,,640,338,,,,,0.004
HGW1779326846,2016-10-03T09:00:00,595-0813,2,542,342,,,,,0.016
HGW0980111669,2016-10-03T09:00:00,245-0016,19,525,393,,,354,0.205,
HGW0548855049,2016-10-03T09:00:00,245-0016,2,538,338,,,,,0.015
HGW2019559833,2016-10-03T09:00:00,194-0032,3,638,208,,,,,0.011
HGW3905059517,2016-10-03T09:00:00,274-0063,500,636,103,,,,,0.006
HGW3107087926,2016-10-03T09:00:00,595-0813,,499,267,,,,,
HGW4090376889,2016-10-03T09:00:00,245-0016,4,614,209,,,289,0.305,
HGW2896326762,2016-10-03T09:00:00,274-0063,,566,360,,,,,
HGW3027793024,2016-10-03T09:00:00,245-0016,2,572,474,,,655,0.17,0.006
HGW1337358987,2016-10-03T09:00:00,274-0063,,724,623,,,186,0.07,
HGW3766800683,2016-10-03T09:00:00,194-0032,,680,576,,,322,0.09,
HGW2238224375,2016-10-03T09:00:00,573-0084,,632,448,,1,340,0.4,0.011
HGW2500187106,2016-10-03T09:00:00,595-0813,1,627,515,,,270,0.08,
HGW2633657355,2016-10-03T09:00:00,573-0084,,568,431,,,340,0.095,0.02
HGW3036983001,2016-10-03T09:00:00,595-0813,,547,306,,,,,
HGW0340690536,2016-10-03T09:00:00,595-0813,1,598,470,,,240,0.08,0.004
HGW3521173424,2016-10-03T09:00:00,245-0016,4,666,464,,,360,0.115,0.022
HGW2405676507,2016-10-03T09:00:00,274-0063,,582,530,,,242,0.07,
HGW1633016930,2016-10-03T09:00:00,573-0084,,594,350,,,,,
HGW4048014188,2016-10-03T09:00:00,194-0032,1,684,610,,,176,0.07,
HGW4228193834,2016-10-03T09:00:00,245-0016,72,616,100,,,,,0.033
HGW3199834989,2016-10-03T09:00:00,245-0016,,578,519,,,162,0.065,0.004
HGW0852590661,2016-10-03T09:00:00,595-0813,9,574,276,,85,359,0.105,0.037
HGW3417223008,2016-10-03T09:00:00,194-0032,,600,353,,,,,
HGW0008585550,2016-10-03T09:00:00,573-0084,1,618,308,,,,,0.05
HGW3412860148,2016-10-03T09:00:00,194-0032,58,616,186,,,,,
HGW0297198766,2016-10-03T09:00:00,595-0813,14,610,414,,2,285,0.085,
HGW1392167190,2016-10-03T09:00:00,573-0084,,623,566,,,230,0.065,
HGW0359516503,2016-10-03T09:00:00,194-0032,,606,419,,,,,
HGW2950693375,2016-10-03T09:00:00,573-0084,,2523,1080,605,,,,
HGW1540053189,2016-10-03T10:00:00,276-0046,,1427,1300,,,,,
HGW1849081661,2016-10-03T10:00:00,261-0013,,1512,1370,,,,,
HGW2592410415,2016-10-03T10:00:00,276-0046,,383,200,,,,,
HGW4192227781,2016-10-03T10:00:00,206-0824,,447,200,,,,,
HGW2440335259,2016-10-03T10:00:00,206-0824,,353,270,,,463,0.2,
HGW0022302486,2016-10-03T10:00:00,276-0046,190,398,10,,704,238,0.07,
HGW0119000400,2016-10-03T10:00:00,276-0046,,364,330,,,213,0.07,
HGW3729565342,2016-10-03T10:00:00,206-0824,20,446,140,,,336,0.41,
HGW0527078356,2016-10-03T10:00:00,206-0824,90,441,50,,,,0.3,
HGW3418795782,2016-10-03T10:00:00,276-0046,,374,340,,,188,0.07,
HGW4086841355,2016-10-03T10:00:00,261-0013,,497,470,,,480,0.12,
HGW2053016894,2016-10-03T10:00:00,261-0013,10,480,150,,,369,0.09,
HGW4262390424,2016-10-03T10:00:00,276-0046,30,393,140,,,,,
HGW2056923843,2016-10-03T10:00:00,276-0046,130,420,110,,,,,
HGW1567490790,2016-10-03T10:00:00,276-0046,,1450,700,,,,,
HGW2731818357,2016-10-03T10:00:00,276-0046,,583,210,,,,0.03,
HGW0999938138,2016-10-03T10:00:00,261-0013,60,1442,,,,252,0.08,
HGW1484386037,2016-10-03T10:00:00,261-0013,,442,240,,,,,
HGW2626196856,2016-10-03T10:00:00,276-0046,,631,540,,,254,0.08,
HGW2550549887,2016-10-03T10:00:00,261-0013,,388,260,,,,,
HGW3813403007,2016-10-03T10:00:00,261-0013,190,381,10,92,,371,0.09,
HGW0341161038,2016-10-03T10:00:00,276-0046,,561,520,,,147,0.06,
HGW3506558406,2016-10-03T10:00:00,276-0046,,603,350,,8,216,0.08,
HGW3088922230,2016-10-03T10:00:00,206-0824,170,1755,,,1634,,,
HGW0807025331,2016-10-03T10:00:00,261-0013,,455,270,,,,,
HGW3316354389,2016-10-03T10:00:00,276-0046,,449,380,,,250,0.07,
HGW3835466207,2016-10-03T10:00:00,261-0013,,731,480,,,,,
HGW3938264288,2016-10-03T10:00:00,261-0013,,427,270,,,,,
HGW0960788623,2016-10-03T10:00:00,206-0824,170,471,50,,37,,,
HGW2465318239,2016-10-03T10:00:00,206-0824,20,426,340,,,251,,
HGW4201723405,2016-10-03T10:00:00,206-0824,150,1577,,,175,,,
HGW3424705551,2016-10-03T10:00:00,276-0046,120,,,,,,,
HGW0011113187,2016-10-03T10:00:00,261-0013,380,1655,,,,,,
HGW1724705971,2016-10-03T10:00:00,206-0824,,432,230,,,,,
HGW2862754275,2016-10-03T10:00:00,573-0084,2,675,405,,,,,0.023
HGW2864422167,2016-10-03T10:00:00,274-0063,203,740,6,,7,,,0.025
HGW1145276568,2016-10-03T10:00:00,194-0032,,674,621,,,183,0.07,
HGW1628028254,2016-10-03T10:00:00,245-0016,,641,251,,,,,0.021
HGW3819013474,2016-10-03T10:00:00,245-0016,80,589,380,,245,507,0.135,0.032
HGW0109674464,2016-10-03T10:00:00,245-0016,,677,433,,,,,
HGW4266179256,2016-10-03T10:00:00,595-0813,10,588,274,,,,,
HGW2507102389,2016-10-03T10:00:00,245-0016,325,664,21,,,,,
HGW0292545493,2016-10-03T10:00:00,194-0032,85,658,53,,,,,
HGW1888757583,2016-10-03T10:00:00,194-0032,,655,524,,,,,
HGW3087458710,2016-10-03T10:00:00,573-0084,,684,443,,,,,0.002
HGW1163585690,2016-10-03T10:00:00,573-0084,35,609,191,,151,297,0.085,
HGW2360924179,2016-10-03T10:00:00,245-0016,6,607,221,,,,,
HGW2979506575,2016-10-03T10:00:00,573-0084,,674,474,,,,,
HGW3939678160,2016-10-03T10:00:00,573-0084,89,539,115,,64,279,0.18,0.098
HGW1901037140,2016-10-03T10:00:00,573-0084,1,732,327,,,,,
HGW2794906293,2016-10-03T10:00:00,194-0032,90,630,89,,,,,
HGW1255839825,2016-10-03T10:00:00,573-0084,,584,352,,,,,
HGW1922304917,2016-10-03T10:00:00,274-0063,,704,450,,,,,
HGW0723606708,2016-10-03T10:00:00,194-0032,18,661,275,,,,,
HGW4233223550,2016-10-03T10:00:00,573-0084,,584,355,,,,,
HGW3975340233,2016-10-03T10:00:00,194-0032,12,674,195,,,,,0.015
HGW1770315374,2016-10-03T10:00:00,245-0016,28,667,234,,,,,0.013
HGW2211161695,2016-10-03T10:00:00,573-0084,163,541,144,,,,0.04,
HGW3979453947,2016-10-03T10:00:00,274-0063,,548,479,,,349,0.05,0.029
HGW3210466135,2016-10-03T10:00:00,573-0084,670,674,67,,,,,
HGW1150228943,2016-10-03T10:00:00,194-0032,2,541,182,,,,,0.007
HGW3896978369,2016-10-03T10:00:00,245-0016,578,670,24,331,,,,0.008
HGW0224584910,2016-10-03T10:00:00,573-0084,1,566,259,,,,0.05,0.009
HGW2352450618,2016-10-03T10:00:00,194-0032,4,655,325,,,,,
HGW1382864968,2016-10-03T10:00:00,194-0032,84,378,50,,,,,0.008
HGW3299398081,2016-10-03T10:00:00,595-0813,2,547,178,,,357,0.355,0.023
HGW3556093971,2016-10-03T10:00:00,595-0813,,680,412,,,,,
HGW1779326846,2016-10-03T10:00:00,595-0813,,582,366,,,,,
HGW0980111669,2016-10-03T10:00:00,245-0016,,547,465,,,332,0.17,0.019
HGW0548855049,2016-10-03T10:00:00,245-0016,2,577,324,,,,0.125,0.082
HGW2019559833,2016-10-03T10:00:00,194-0032,40,666,45,,,,,
HGW3905059517,2016-10-03T10:00:00,274-0063,695,681,116,,,,,0.009
HGW3107087926,2016-10-03T10:00:00,595-0813,1,523,343,,,,,
HGW4090376889,2016-10-03T10:00:00,245-0016,,658,297,,,289,0.31,
HGW2896326762,2016-10-03T10:00:00,274-0063,,595,400,,,,,
HGW3027793024,2016-10-03T10:00:00,245-0016,,601,518,,,446,0.135,0.014
HGW1337358987,2016-10-03T10:00:00,274-0063,,770,690,,,251,0.075,0.007
HGW3766800683,2016-10-03T10:00:00,194-0032,,707,620,,,332,0.095,0.011
HGW2238224375,2016-10-03T10:00:00,573-0084,,663,593,,20,272,0.35,
HGW2500187106,2016-10-03T10:00:00,595-0813,6,650,402,,3,298,0.085,0.018
HGW2633657355,2016-10-03T10:00:00,573-0084,3,595,442,,46,314,0.09,0.135
HGW3036983001,2016-10-03T10:00:00,595-0813,2,584,331,,,,,
HGW0340690536,2016-10-03T10:00:00,595-0813,,631,294,,,358,0.095,0.005
HGW3521173424,2016-10-03T10:00:00,245-0016,8,691,336,,,355,0.135,0.004
HGW2405676507,2016-10-03T10:00:00,274-0063,,605,561,,,247,0.075,
HGW1633016930,2016-10-03T10:00:00,573-0084,,627,385,,,,,
HGW4048014188,2016-10-03T10:00:00,194-0032,,709,635,,,154,0.065,
HGW4228193834,2016-10-03T10:00:00,245-0016,48,659,164,,,,,
HGW3199834989,2016-10-03T10:00:00,245-0016,,601,543,,15,160,0.07,0.005
HGW0852590661,2016-10-03T10:00:00,595-0813,4,597,195,,394,358,0.355,0.009
HGW3417223008,2016-10-03T10:00:00,194-0032,,630,393,,,,,
HGW0008585550,2016-10-03T10:00:00,573-0084,,636,319,,65,,,
HGW3412860148,2016-10-03T10:00:00,194-0032,2,639,326,,,,0.06,0.025
HGW0297198766,2016-10-03T10:00:00,595-0813,3,648,528,,,254,0.075,0.004
HGW1392167190,2016-10-03T10:00:00,573-0084,,653,602,,,191,0.065,
HGW0359516503,2016-10-03T10:00:00,194-0032,,630,440,,,,,
HGW2950693375,2016-10-03T10:00:00,573-0084,,2591,1136,465,7,,,
HGW1540053189,2016-10-03T11:00:00,276-0046,,827,690,,,,,
HGW1849081661,2016-10-03T11:00:00,261-0013,,874,740,,,,,
HGW2592410415,2016-10-03T11:00:00,276-0046,50,203,60,,,,,
HGW4192227781,2016-10-03T11:00:00,206-0824,40,257,70,,,,,
HGW2440335259,2016-10-03T11:00:00,206-0824,90,176,20,,,546,0.38,
HGW0022302486,2016-10-03T11:00:00,276-0046,260,213,,,181,239,0.08,
HGW0119000400,2016-10-03T11:00:00,276-0046,10,181,150,,,213,0.06,
HGW3729565342,2016-10-03T11:00:00,206-0824,80,244,30,,92,486,0.23,
HGW0527078356,2016-10-03T11:00:00,206-0824,130,254,10,,,,0.17,
HGW3418795782,2016-10-03T11:00:00,276-0046,20,189,120,,45,306,0.08,
HGW4086841355,2016-10-03T11:00:00,261-0013,,261,230,,,488,0.12,
HGW2053016894,2016-10-03T11:00:00,261-0013,10,257,150,,,543,0.14,
HGW4262390424,2016-10-03T11:00:00,276-0046,100,203,40,,,,,
HGW2056923843,2016-10-03T11:00:00,276-0046,300,204,30,,2,,,
HGW1567490790,2016-10-03T11:00:00,276-0046,50,817,290,,,,,
HGW2731818357,2016-10-03T11:00:00,276-0046,230,313,20,,10,,,
HGW0999938138,2016-10-03T11:00:00,261-0013,90,824,,,46,406,0.1,
HGW1484386037,2016-10-03T11:00:00,261-0013,30,253,90,,,,,
HGW2626196856,2016-10-03T11:00:00,276-0046,20,349,270,,,216,0.07,
HGW2550549887,2016-10-03T11:00:00,261-0013,20,197,100,,,,,
HGW3813403007,2016-10-03T11:00:00,261-0013,190,198,,35,,298,0.08,
HGW0341161038,2016-10-03T11:00:00,276-0046,10,300,270,,,157,0.08,
HGW3506558406,2016-10-03T11:00:00,276-0046,30,335,140,,27,124,0.07,
HGW3088922230,2016-10-03T11:00:00,206-0824,150,1026,,,1642,,,
HGW0807025331,2016-10-03T11:00:00,261-0013,20,261,110,,,,,
HGW3316354389,2016-10-03T11:00:00,276-0046,80,260,130,,140,284,0.08,
HGW3835466207,2016-10-03T11:00:00,261-0013,30,423,220,,,,,
HGW3938264288,2016-10-03T11:00:00,261-0013,20,232,90,,,,,
HGW0960788623,2016-10-03T11:00:00,206-0824,450,277,,,265,,,
HGW2465318239,2016-10-03T11:00:00,206-0824,10,209,180,,,188,,
HGW4201723405,2016-10-03T11:00:00,206-0824,150,941,,,185,,,
HGW3424705551,2016-10-03T11:00:00,276-0046,130,,,,,,,
HGW0011113187,2016-10-03T11:00:00,261-0013,130,955,,,,,,
HGW1724705971,2016-10-03T11:00:00,206-0824,50,224,70,,,,,
HGW2862754275,2016-10-03T11:00:00,573-0084,1,713,345,,,,,
HGW2864422167,2016-10-03T11:00:00,274-0063,30,790,310,,,,,0.008
HGW1145276568,2016-10-03T11:00:00,194-0032,,712,662,,,196,0.075,
HGW1628028254,2016-10-03T11:00:00,245-0016,3,682,153,,,,,0.007
HGW3819013474,2016-10-03T11:00:00,245-0016,105,631,139,,17,90,0.025,0.036
HGW0109674464,2016-10-03T11:00:00,245-0016,,717,458,,,,,
HGW4266179256,2016-10-03T11:00:00,595-0813,6,622,328,,,,,
HGW2507102389,2016-10-03T11:00:00,245-0016,4,708,398,,,,,0.016
HGW0292545493,2016-10-03T11:00:00,194-0032,60,702,89,,,,,
HGW1888757583,2016-10-03T11:00:00,194-0032,,692,561,,,,,
HGW3087458710,2016-10-03T11:00:00,573-0084,,725,522,,,,,
HGW1163585690,2016-10-03T11:00:00,573-0084,9,646,427,,34,296,0.115,
HGW2360924179,2016-10-03T11:00:00,245-0016,,637,287,,,,,
HGW2979506575,2016-10-03T11:00:00,573-0084,,710,522,,,,,
HGW3939678160,2016-10-03T11:00:00,573-0084,6,571,412,,,311,0.335,0.001
HGW1901037140,2016-10-03T11:00:00,573-0084,,780,466,,,,,
HGW2794906293,2016-10-03T11:00:00,194-0032,72,745,249,,,,,
HGW1255839825,2016-10-03T11:00:00,573-0084,,618,383,,,,,
HGW1922304917,2016-10-03T11:00:00,274-0063,,752,525,,,,,
HGW0723606708,2016-10-03T11:00:00,194-0032,3,706,278,,,,,
HGW4233223550,2016-10-03T11:00:00,573-0084,,613,369,,,,,
HGW3975340233,2016-10-03T11:00:00,194-0032,,714,382,,,,,
HGW1770315374,2016-10-03T11:00:00,245-0016,452,710,15,,,,,0.007
HGW2211161695,2016-10-03T11:00:00,573-0084,,576,501,,,70,0.06,0.074
HGW3979453947,2016-10-03T11:00:00,274-0063,3,579,458,,144,344,0.05,0.017
HGW3210466135,2016-10-03T11:00:00,573-0084,584,717,90,,,,,
HGW1150228943,2016-10-03T11:00:00,194-0032,,571,318,,23,,,
HGW3896978369,2016-10-03T11:00:00,245-0016,416,709,32,269,,,,
HGW0224584910,2016-10-03T11:00:00,573-0084,,598,297,,,,,
HGW2352450618,2016-10-03T11:00:00,194-0032,4,698,398,,,,,
HGW1382864968,2016-10-03T11:00:00,194-0032,40,397,58,,,,,
HGW3299398081,2016-10-03T11:00:00,595-0813,1,578,336,,7,356,0.415,0.032
HGW3556093971,2016-10-03T11:00:00,595-0813,492,719,97,,,,,0.012
HGW1779326846,2016-10-03T11:00:00,595-0813,,617,357,,,,,
HGW0980111669,2016-10-03T11:00:00,245-0016,,576,472,,,222,0.15,
HGW0548855049,2016-10-03T11:00:00,245-0016,2,610,327,,,,,0.008
HGW2019559833,2016-10-03T11:00:00,194-0032,136,709,105,,,,,0.023
HGW3905059517,2016-10-03T11:00:00,274-0063,425,723,201,,,,,
HGW3107087926,2016-10-03T11:00:00,595-0813,,552,350,,,,,
HGW4090376889,2016-10-03T11:00:00,245-0016,1,700,446,,61,301,0.15,
HGW2896326762,2016-10-03T11:00:00,274-0063,,635,429,,,,,
HGW3027793024,2016-10-03T11:00:00,245-0016,,637,589,,,156,0.07,
HGW1337358987,2016-10-03T11:00:00,274-0063,,819,752,,,321,0.095,0.029
HGW3766800683,2016-10-03T11:00:00,194-0032,,751,674,,,298,0.09,0.001
HGW2238224375,2016-10-03T11:00:00,573-0084,8,698,469,,179,350,0.355,0.012
HGW2500187106,2016-10-03T11:00:00,595-0813,16,693,362,,82,298,0.08,
HGW2633657355,2016-10-03T11:00:00,573-0084,,631,481,,137,356,0.135,0.074
HGW3036983001,2016-10-03T11:00:00,595-0813,,625,383,,,,,
HGW0340690536,2016-10-03T11:00:00,595-0813,1,672,508,,44,346,0.095,
HGW3521173424,2016-10-03T11:00:00,245-0016,44,740,494,,,354,0.105,0.025
HGW2405676507,2016-10-03T11:00:00,274-0063,,645,601,,,194,0.065,
HGW1633016930,2016-10-03T11:00:00,573-0084,,665,367,,,,,
HGW4048014188,2016-10-03T11:00:00,194-0032,2,754,635,,37,200,0.075,0.029
HGW4228193834,2016-10-03T11:00:00,245-0016,21,698,179,,,,,
HGW3199834989,2016-10-03T11:00:00,245-0016,6,636,503,,85,245,0.075,0.004
HGW0852590661,2016-10-03T11:00:00,595-0813,16,634,171,,515,309,0.385,0.005
HGW3417223008,2016-10-03T11:00:00,194-0032,,667,446,,,,,
HGW0008585550,2016-10-03T11:00:00,573-0084,6,678,252,,19,,,0.056
HGW3412860148,2016-10-03T11:00:00,194-0032,68,679,127,,9,,0.26,0.001
HGW0297198766,2016-10-03T11:00:00,595-0813,1,690,628,,9,227,0.07,
HGW1392167190,2016-10-03T11:00:00,573-0084,,692,640,,,222,0.07,
HGW0359516503,2016-10-03T11:00:00,194-0032,,671,496,,,,,
HGW2950693375,2016-10-03T11:00:00,573-0084,1,2761,1196,783,,,,
HGW1540053189,2016-10-03T12:00:00,276-0046,,555,430,,,,,
HGW1849081661,2016-10-03T12:00:00,261-0013,10,599,460,,,,,
HGW2592410415,2016-10-03T12:00:00,276-0046,80,122,10,,,,,
HGW4192227781,2016-10-03T12:00:00,206-0824,70,176,20,,,,,
HGW2440335259,2016-10-03T12:00:00,206-0824,190,102,,,9,536,0.41,
HGW0022302486,2016-10-03T12:00:00,276-0046,380,129,,,33,238,0.06,
HGW0119000400,2016-10-03T12:00:00,276-0046,10,104,80,,,209,0.09,
HGW3729565342,2016-10-03T12:00:00,206-0824,270,155,10,,100,370,0.1,
HGW0527078356,2016-10-03T12:00:00,206-0824,100,175,30,,,,,
HGW3418795782,2016-10-03T12:00:00,276-0046,30,109,60,,14,294,0.08,
HGW4086841355,2016-10-03T12:00:00,261-0013,10,162,120,,,476,0.13,
HGW2053016894,2016-10-03T12:00:00,261-0013,40,168,80,,38,540,0.15,
HGW4262390424,2016-10-03T12:00:00,276-0046,150,128,10,,,,,
HGW2056923843,2016-10-03T12:00:00,276-0046,170,136,,,12,,,
HGW1567490790,2016-10-03T12:00:00,276-0046,300,578,130,,,,,
HGW2731818357,2016-10-03T12:00:00,276-0046,250,202,10,,34,,0.03,
HGW0999938138,2016-10-03T12:00:00,261-0013,150,569,,,869,657,0.19,
HGW1484386037,2016-10-03T12:00:00,261-0013,60,171,30,,,,,
HGW2626196856,2016-10-03T12:00:00,276-0046,10,223,170,,,211,0.07,
HGW2550549887,2016-10-03T12:00:00,261-0013,40,124,40,,,,,
HGW3813403007,2016-10-03T12:00:00,261-0013,270,122,,,,316,0.09,
HGW0341161038,2016-10-03T12:00:00,276-0046,,192,160,,,150,0.07,
HGW3506558406,2016-10-03T12:00:00,276-0046,40,235,80,,,2,0.09,
HGW3088922230,2016-10-03T12:00:00,206-0824,150,754,,,578,,,
HGW0807025331,2016-10-03T12:00:00,261-0013,40,182,50,,,,,
HGW3316354389,2016-10-03T12:00:00,276-0046,70,177,30,,,238,0.06,
HGW3835466207,2016-10-03T12:00:00,261-0013,80,318,110,,,,,
HGW3938264288,2016-10-03T12:00:00,261-0013,100,149,20,,161,,,
HGW0960788623,2016-10-03T12:00:00,206-0824,520,196,,,259,,,
HGW2465318239,2016-10-03T12:00:00,206-0824,40,144,120,,30,204,,
HGW4201723405,2016-10-03T12:00:00,206-0824,160,661,,,226,,,
HGW3424705551,2016-10-03T12:00:00,276-0046,120,,,,,,,
HGW0011113187,2016-10-03T12:00:00,261-0013,150,720,,,,,,
HGW1724705971,2016-10-03T12:00:00,206-0824,70,151,20,,,,,
HGW2862754275,2016-10-03T12:00:00,573-0084,303,545,124,,,,,0.149
HGW2864422167,2016-10-03T12:00:00,274-0063,,608,320,,22,,,
HGW1145276568,2016-10-03T12:00:00,194-0032,,547,484,,,206,0.07,
HGW1628028254,2016-10-03T12:00:00,245-0016,708,524,8,,,,,0.002
HGW3819013474,2016-10-03T12:00:00,245-0016,260,481,1,,18,,0.36,0.01
HGW0109674464,2016-10-03T12:00:00,245-0016,,549,282,,,,,
HGW4266179256,2016-10-03T12:00:00,595-0813,20,474,137,,,,,
HGW2507102389,2016-10-03T12:00:00,245-0016,161,542,185,,,,,0.008
HGW0292545493,2016-10-03T12:00:00,194-0032,36,539,270,,,,,0.024
HGW1888757583,2016-10-03T12:00:00,194-0032,,530,400,,,,,
HGW3087458710,2016-10-03T12:00:00,573-0084,,562,354,,,,,
HGW1163585690,2016-10-03T12:00:00,573-0084,3,501,341,,,296,0.08,0.012
HGW2360924179,2016-10-03T12:00:00,245-0016,7,493,113,,,,,
HGW2979506575,2016-10-03T12:00:00,573-0084,,554,376,,,,,
HGW3939678160,2016-10-03T12:00:00,573-0084,7,440,349,,,208,0.07,0.007
HGW1901037140,2016-10-03T12:00:00,573-0084,194,601,71,,,,,0.02
HGW2794906293,2016-10-03T12:00:00,194-0032,4,591,125,,,,,
HGW1255839825,2016-10-03T12:00:00,573-0084,2,478,247,,,,,
HGW1922304917,2016-10-03T12:00:00,274-0063,,577,348,,,,,
HGW0723606708,2016-10-03T12:00:00,194-0032,1,542,229,,,,,
HGW4233223550,2016-10-03T12:00:00,573-0084,,469,284,,,,,
HGW3975340233,2016-10-03T12:00:00,194-0032,,547,205,,,,,
HGW1770315374,2016-10-03T12:00:00,245-0016,268,545,4,,,,,0.016
HGW2211161695,2016-10-03T12:00:00,573-0084,,438,388,,,79,0.07,0.061
HGW3979453947,2016-10-03T12:00:00,274-0063,,446,385,,,349,0.045,0.018
HGW3210466135,2016-10-03T12:00:00,573-0084,618,539,90,,,,,
HGW1150228943,2016-10-03T12:00:00,194-0032,16,441,103,,,,,0.01
HGW3896978369,2016-10-03T12:00:00,245-0016,490,532,15,66,,,,0.007
HGW0224584910,2016-10-03T12:00:00,573-0084,7,456,114,,,,,0.017
HGW2352450618,2016-10-03T12:00:00,194-0032,7,534,190,,,,,
HGW1382864968,2016-10-03T12:00:00,194-0032,191,306,1,,,,0.005,0.002
HGW3299398081,2016-10-03T12:00:00,595-0813,28,446,118,,,357,0.415,0.023
HGW3556093971,2016-10-03T12:00:00,595-0813,81,544,181,,,,,0.036
HGW1779326846,2016-10-03T12:00:00,595-0813,,461,243,,,,,
HGW0980111669,2016-10-03T12:00:00,245-0016,22,447,336,,,207,0.055,0.016
HGW0548855049,2016-10-03T12:00:00,245-0016,5,458,157,,,,,0.001
HGW2019559833,2016-10-03T12:00:00,194-0032,56,542,110,,,,,0.011
HGW3905059517,2016-10-03T12:00:00,274-0063,410,542,131,,,,,
HGW3107087926,2016-10-03T12:00:00,595-0813,36,423,224,,,,,
HGW4090376889,2016-10-03T12:00:00,245-0016,45,524,145,,,308,0.085,0.005
HGW2896326762,2016-10-03T12:00:00,274-0063,,482,284,,,,,
HGW3027793024,2016-10-03T12:00:00,245-0016,2,488,402,,51,230,0.075,0.005
HGW1337358987,2016-10-03T12:00:00,274-0063,,620,560,,,202,0.075,0.015
HGW3766800683,2016-10-03T12:00:00,194-0032,,580,531,,,228,0.075,
HGW2238224375,2016-10-03T12:00:00,573-0084,9,541,289,,334,352,0.22,0.042
HGW2500187106,2016-10-03T12:00:00,595-0813,45,535,182,,,296,0.085,0.002
HGW2633657355,2016-10-03T12:00:00,573-0084,252,483,42,,180,257,0.125,0.035
HGW3036983001,2016-10-03T12:00:00,595-0813,,464,228,,,,,
HGW0340690536,2016-10-03T12:00:00,595-0813,4,509,249,,2,357,0.095,0.005
HGW3521173424,2016-10-03T12:00:00,245-0016,256,569,136,,,354,0.095,0.015
HGW2405676507,2016-10-03T12:00:00,274-0063,,495,459,,,115,0.065,
HGW1633016930,2016-10-03T12:00:00,573-0084,,505,207,,,,,
HGW4048014188,2016-10-03T12:00:00,194-0032,3,584,473,,,185,0.075,0.004
HGW4228193834,2016-10-03T12:00:00,245-0016,67,527,72,,,,,
HGW3199834989,2016-10-03T12:00:00,245-0016,,492,414,,,269,0.09,0.004
HGW0852590661,2016-10-03T12:00:00,595-0813,1,490,276,,113,317,0.19,0.006
HGW3417223008,2016-10-03T12:00:00,194-0032,,510,282,,,,,
HGW0008585550,2016-10-03T12:00:00,573-0084,1,524,206,,,,,0.006
HGW3412860148,2016-10-03T12:00:00,194-0032,4,520,144,,,,0.22,
HGW0297198766,2016-10-03T12:00:00,595-0813,12,520,243,,,306,0.085,0.002
HGW1392167190,2016-10-03T12:00:00,573-0084,,531,480,,,222,0.07,
HGW0359516503,2016-10-03T12:00:00,194-0032,,515,325,,,,,
HGW2950693375,2016-10-03T12:00:00,573-0084,,2183,963,305,,,,
HGW1540053189,2016-10-03T13:00:00,276-0046,,905,770,,,,,
HGW1849081661,2016-10-03T13:00:00,261-0013,,964,830,,,,,
HGW2592410415,2016-10-03T13:00:00,276-0046,10,229,50,,,,,
HGW4192227781,2016-10-03T13:00:00,206-0824,10,288,60,,,,,
HGW2440335259,2016-10-03T13:00:00,206-0824,40,196,20,,,533,0.13,
HGW0022302486,2016-10-03T13:00:00,276-0046,250,241,,,214,240,0.07,
HGW0119000400,2016-10-03T13:00:00,276-0046,10,209,170,,,208,0.06,
HGW3729565342,2016-10-03T13:00:00,206-0824,120,268,,,180,428,0.32,
HGW0527078356,2016-10-03T13:00:00,206-0824,10,280,80,,,,,
HGW3418795782,2016-10-03T13:00:00,276-0046,60,211,80,,,335,0.12,
HGW4086841355,2016-10-03T13:00:00,261-0013,30,294,60,,,293,0.08,
HGW2053016894,2016-10-03T13:00:00,261-0013,110,287,,,10,356,0.09,
HGW4262390424,2016-10-03T13:00:00,276-0046,430,233,,,,,0.04,
HGW2056923843,2016-10-03T13:00:00,276-0046,30,234,10,,,,,
HGW1567490790,2016-10-03T13:00:00,276-0046,,902,710,,,,,
HGW2731818357,2016-10-03T13:00:00,276-0046,50,348,60,,,,,
HGW0999938138,2016-10-03T13:00:00,261-0013,200,905,,,449,481,0.12,
HGW1484386037,2016-10-03T13:00:00,261-0013,,278,80,,,,,
HGW2626196856,2016-10-03T13:00:00,276-0046,,386,250,,2,273,0.08,
HGW2550549887,2016-10-03T13:00:00,261-0013,,227,110,,,,,
HGW3813403007,2016-10-03T13:00:00,261-0013,300,224,,,,252,0.11,
HGW0341161038,2016-10-03T13:00:00,276-0046,,326,280,,,153,0.06,
HGW3506558406,2016-10-03T13:00:00,276-0046,,372,200,,,25,0.06,
HGW3088922230,2016-10-03T13:00:00,206-0824,150,1121,,,547,,,
HGW0807025331,2016-10-03T13:00:00,261-0013,,290,120,,,,,
HGW3316354389,2016-10-03T13:00:00,276-0046,10,285,100,,,240,0.2,
HGW3835466207,2016-10-03T13:00:00,261-0013,20,467,210,,,,,
HGW3938264288,2016-10-03T13:00:00,261-0013,10,259,60,,,,,
HGW0960788623,2016-10-03T13:00:00,206-0824,360,304,,,121,,,
HGW2465318239,2016-10-03T13:00:00,206-0824,,244,200,,,231,,
HGW4201723405,2016-10-03T13:00:00,206-0824,160,1034,,,349,,,
HGW3424705551,2016-10-03T13:00:00,276-0046,120,,,,,,,
HGW0011113187,2016-10-03T13:00:00,261-0013,130,1058,,,,,,
HGW1724705971,2016-10-03T13:00:00,206-0824,10,254,60,,,,,
HGW2862754275,2016-10-03T13:00:00,573-0084,407,517,7,,,,,0.073
HGW2864422167,2016-10-03T13:00:00,274-0063,5,573,156,,,,0.075,0.035
HGW1145276568,2016-10-03T13:00:00,194-0032,,519,461,,,190,0.065,
HGW1628028254,2016-10-03T13:00:00,245-0016,214,496,,,,,,0.008
HGW3819013474,2016-10-03T13:00:00,245-0016,285,453,,,,,0.28,0.002
HGW0109674464,2016-10-03T13:00:00,245-0016,53,520,124,,,,,
HGW4266179256,2016-10-03T13:00:00,595-0813,23,448,153,,,,,
HGW2507102389,2016-10-03T13:00:00,245-0016,221,511,120,,,,,0.017
HGW0292545493,2016-10-03T13:00:00,194-0032,,507,267,,,,,
HGW1888757583,2016-10-03T13:00:00,194-0032,,501,372,,,,,
HGW3087458710,2016-10-03T13:00:00,573-0084,37,533,271,,,,0.165,0.092
HGW1163585690,2016-10-03T13:00:00,573-0084,,472,332,,52,298,0.08,0.028
HGW2360924179,2016-10-03T13:00:00,245-0016,237,466,8,,,,0.03,
HGW2979506575,2016-10-03T13:00:00,573-0084,,524,337,,,,,
HGW3939678160,2016-10-03T13:00:00,573-0084,58,416,177,,163,194,0.07,0.004
HGW1901037140,2016-10-03T13:00:00,573-0084,56,566,13,,,,,
HGW2794906293,2016-10-03T13:00:00,194-0032,19,515,67,,,,,
HGW1255839825,2016-10-03T13:00:00,573-0084,149,453,68,,123,,0.03,0.023
HGW1922304917,2016-10-03T13:00:00,274-0063,,544,312,,,,,
HGW0723606708,2016-10-03T13:00:00,194-0032,,510,277,,,,,
HGW4233223550,2016-10-03T13:00:00,573-0084,1,445,183,,,,,
HGW3975340233,2016-10-03T13:00:00,194-0032,,518,221,,,,,
HGW1770315374,2016-10-03T13:00:00,245-0016,87,514,17,,,,,0.019
HGW2211161695,2016-10-03T13:00:00,573-0084,,412,355,,,77,0.065,0.048
HGW3979453947,2016-10-03T13:00:00,274-0063,,421,369,,,254,0.04,
HGW3210466135,2016-10-03T13:00:00,573-0084,,503,358,,,,,
HGW1150228943,2016-10-03T13:00:00,194-0032,2,420,81,,,,,0.018
HGW3896978369,2016-10-03T13:00:00,245-0016,404,502,10,78,,,,0.022
HGW0224584910,2016-10-03T13:00:00,573-0084,35,429,10,,,,,0.007
HGW2352450618,2016-10-03T13:00:00,194-0032,6,502,219,,,,,
HGW1382864968,2016-10-03T13:00:00,194-0032,197,289,,,,,,0.007
HGW3299398081,2016-10-03T13:00:00,595-0813,34,423,174,,,357,0.33,0.018
HGW3556093971,2016-10-03T13:00:00,595-0813,,514,174,,,,,0.016
HGW1779326846,2016-10-03T13:00:00,595-0813,,436,257,,,,,
HGW0980111669,2016-10-03T13:00:00,245-0016,,421,345,,,253,0.035,0.004
HGW0548855049,2016-10-03T13:00:00,245-0016,4,432,150,,,,,0.007
HGW2019559833,2016-10-03T13:00:00,194-0032,49,512,100,,,,,0.009
HGW3905059517,2016-10-03T13:00:00,274-0063,141,509,203,,,,,
HGW3107087926,2016-10-03T13:00:00,595-0813,53,400,77,,14,,0.035,0.004
HGW4090376889,2016-10-03T13:00:00,245-0016,5,491,175,,,289,0.08,
HGW2896326762,2016-10-03T13:00:00,274-0063,35,454,236,,64,,,0.005
HGW3027793024,2016-10-03T13:00:00,245-0016,,461,400,,,311,0.08,
HGW1337358987,2016-10-03T13:00:00,274-0063,,581,535,,,151,0.065,
HGW3766800683,2016-10-03T13:00:00,194-0032,,548,496,,,227,0.07,
HGW2238224375,2016-10-03T13:00:00,573-0084,19,514,332,,24,353,0.095,0.008
HGW2500187106,2016-10-03T13:00:00,595-0813,11,504,232,,,298,0.085,
HGW2633657355,2016-10-03T13:00:00,573-0084,133,456,38,,,302,0.1,0.068
HGW3036983001,2016-10-03T13:00:00,595-0813,1,435,185,,,,,
HGW0340690536,2016-10-03T13:00:00,595-0813,3,476,132,,123,354,0.095,0.022
HGW3521173424,2016-10-03T13:00:00,245-0016,166,533,239,,,355,0.09,0.004
HGW2405676507,2016-10-03T13:00:00,274-0063,3,466,408,,17,138,0.07,
HGW1633016930,2016-10-03T13:00:00,573-0084,,475,186,,,,,
HGW4048014188,2016-10-03T13:00:00,194-0032,1,552,476,,,157,0.065,
HGW4228193834,2016-10-03T13:00:00,245-0016,83,494,57,,,,,
HGW3199834989,2016-10-03T13:00:00,245-0016,,465,335,,,268,0.17,0.028
HGW0852590661,2016-10-03T13:00:00,595-0813,30,463,190,,117,347,0.11,0.057
HGW3417223008,2016-10-03T13:00:00,194-0032,,482,165,,,,0.01,0.007
HGW0008585550,2016-10-03T13:00:00,573-0084,8,494,131,,18,,,0.038
HGW3412860148,2016-10-03T13:00:00,194-0032,,491,267,,83,,,
HGW0297198766,2016-10-03T13:00:00,595-0813,8,487,123,,1,353,0.095,0.002
HGW1392167190,2016-10-03T13:00:00,573-0084,,500,430,,23,225,0.065,0.004
HGW0359516503,2016-10-03T13:00:00,194-0032,,486,309,,,,,
HGW2950693375,2016-10-03T13:00:00,573-0084,,2049,853,359,,,,
HGW1540053189,2016-10-03T14:00:00,276-0046,,488,350,,,,,
HGW1849081661,2016-10-03T14:00:00,261-0013,,520,380,,,,,
HGW2592410415,2016-10-03T14:00:00,276-0046,440,99,,,,,0.15,
HGW4192227781,2016-10-03T14:00:00,206-0824,60,156,,,,,,
HGW2440335259,2016-10-03T14:00:00,206-0824,50,70,10,,,490,0.12,
HGW0022302486,2016-10-03T14:00:00,276-0046,260,105,20,,,220,0.06,
HGW0119000400,2016-10-03T14:00:00,276-0046,,78,50,,,208,0.07,
HGW3729565342,2016-10-03T14:00:00,206-0824,200,134,,,117,348,0.44,
HGW0527078356,2016-10-03T14:00:00,206-0824,30,151,,,,,,
HGW3418795782,2016-10-03T14:00:00,276-0046,20,78,40,,,169,0.07,
HGW4086841355,2016-10-03T14:00:00,261-0013,210,128,,,,238,0.06,
HGW2053016894,2016-10-03T14:00:00,261-0013,260,139,,,126,369,0.09,
HGW4262390424,2016-10-03T14:00:00,276-0046,60,102,50,,,234,0.07,
HGW2056923843,2016-10-03T14:00:00,276-0046,160,95,,,,,,
HGW1567490790,2016-10-03T14:00:00,276-0046,,486,290,,,,,
HGW2731818357,2016-10-03T14:00:00,276-0046,70,172,,,,,,
HGW0999938138,2016-10-03T14:00:00,261-0013,150,494,,,235,451,0.12,
HGW1484386037,2016-10-03T14:00:00,261-0013,50,149,,,,,,
HGW2626196856,2016-10-03T14:00:00,276-0046,70,193,100,,,321,0.08,
HGW2550549887,2016-10-03T14:00:00,261-0013,30,104,10,,,,,
HGW3813403007,2016-10-03T14:00:00,261-0013,360,98,,,,238,0.07,
HGW0341161038,2016-10-03T14:00:00,276-0046,,162,120,,,138,0.06,
HGW3506558406,2016-10-03T14:00:00,276-0046,10,194,40,,,21,0.07,
HGW3088922230,2016-10-03T14:00:00,206-0824,620,650,,,163,,,
HGW0807025331,2016-10-03T14:00:00,261-0013,20,157,10,,,,,
HGW3316354389,2016-10-03T14:00:00,276-0046,20,153,20,,,238,0.38,
HGW3835466207,2016-10-03T14:00:00,261-0013,40,269,60,,,,,
HGW3938264288,2016-10-03T14:00:00,261-0013,80,129,10,,74,,,
HGW0960788623,2016-10-03T14:00:00,206-0824,480,173,,,53,,,
HGW2465318239,2016-10-03T14:00:00,206-0824,,103,80,,,183,,
HGW4201723405,2016-10-03T14:00:00,206-0824,160,594,,,118,,,
HGW3424705551,2016-10-03T14:00:00,276-0046,130,,,,,,,
HGW0011113187,2016-10-03T14:00:00,261-0013,130,609,,,,,,
HGW1724705971,2016-10-03T14:00:00,206-0824,90,118,,,,,,
HGW2862754275,2016-10-03T14:00:00,573-0084,103,358,14,,,,,0.002
HGW2864422167,2016-10-03T14:00:00,274-0063,1,405,120,,,,,
HGW1145276568,2016-10-03T14:00:00,194-0032,,360,306,,,190,0.07,
HGW1628028254,2016-10-03T14:00:00,245-0016,262,345,,,,,,
HGW3819013474,2016-10-03T14:00:00,245-0016,306,318,,,,,0.24,0.008
HGW0109674464,2016-10-03T14:00:00,245-0016,25,361,96,,,,,
HGW4266179256,2016-10-03T14:00:00,595-0813,65,309,31,,,,,
HGW2507102389,2016-10-03T14:00:00,245-0016,68,358,102,,,,,
HGW0292545493,2016-10-03T14:00:00,194-0032,469,360,22,,,,,0.026
HGW1888757583,2016-10-03T14:00:00,194-0032,,349,219,,,,,
HGW3087458710,2016-10-03T14:00:00,573-0084,160,373,4,,,,0.255,
HGW1163585690,2016-10-03T14:00:00,573-0084,81,329,155,,144,301,0.085,0.011
HGW2360924179,2016-10-03T14:00:00,245-0016,40,327,228,,2,230,0.085,
HGW2979506575,2016-10-03T14:00:00,573-0084,1,365,184,,,,,
HGW3939678160,2016-10-03T14:00:00,573-0084,31,288,163,,11,228,0.07,0.001
HGW1901037140,2016-10-03T14:00:00,573-0084,67,399,72,,,,,0.025
HGW2794906293,2016-10-03T14:00:00,194-0032,63,387,12,,,,,0.001
HGW1255839825,2016-10-03T14:00:00,573-0084,91,319,,,,,0.01,0.001
HGW1922304917,2016-10-03T14:00:00,274-0063,1,383,156,,,,,
HGW0723606708,2016-10-03T14:00:00,194-0032,,355,124,,,,,
HGW4233223550,2016-10-03T14:00:00,573-0084,8,305,120,,,,,
HGW3975340233,2016-10-03T14:00:00,194-0032,131,360,5,,,,,0.024
HGW1770315374,2016-10-03T14:00:00,245-0016,297,361,,,,,,0.027
HGW2211161695,2016-10-03T14:00:00,573-0084,3,284,229,,,87,0.07,0.019
HGW3979453947,2016-10-03T14:00:00,274-0063,,292,254,,,249,0.035,
HGW3210466135,2016-10-03T14:00:00,573-0084,,353,203,,,,,
HGW1150228943,2016-10-03T14:00:00,194-0032,355,291,13,,,13,0.05,0.001
HGW3896978369,2016-10-03T14:00:00,245-0016,145,353,5,,,,,0.001
HGW0224584910,2016-10-03T14:00:00,573-0084,144,297,,,,,,0.023
HGW2352450618,2016-10-03T14:00:00,194-0032,263,352,12,,,,,0.015
HGW1382864968,2016-10-03T14:00:00,194-0032,592,200,,,,,0.015,0.022
HGW3299398081,2016-10-03T14:00:00,595-0813,2,293,119,,,356,0.315,0.023
HGW3556093971,2016-10-03T14:00:00,595-0813,17,361,26,,,,,
HGW1779326846,2016-10-03T14:00:00,595-0813,3,305,135,,,,,
HGW0980111669,2016-10-03T14:00:00,245-0016,1,285,204,,,223,0.035,0.001
HGW0548855049,2016-10-03T14:00:00,245-0016,10,302,85,,,,0.055,0.028
HGW2019559833,2016-10-03T14:00:00,194-0032,390,356,68,,,,,0.021
HGW3905059517,2016-10-03T14:00:00,274-0063,9,358,94,,,,,
HGW3107087926,2016-10-03T14:00:00,595-0813,22,272,49,,17,,,0.011
HGW4090376889,2016-10-03T14:00:00,245-0016,69,346,5,,,290,0.345,0.044
HGW2896326762,2016-10-03T14:00:00,274-0063,311,316,11,,1,,,0.102
HGW3027793024,2016-10-03T14:00:00,245-0016,26,319,260,,,168,0.125,0.017
HGW1337358987,2016-10-03T14:00:00,274-0063,,412,368,,,207,0.07,0.005
HGW3766800683,2016-10-03T14:00:00,194-0032,1,377,328,,,249,0.075,
HGW2238224375,2016-10-03T14:00:00,573-0084,1,357,284,,,292,0.085,0.009
HGW2500187106,2016-10-03T14:00:00,595-0813,39,352,173,,3,299,0.08,0.005
HGW2633657355,2016-10-03T14:00:00,573-0084,255,315,6,,19,230,0.065,0.02
HGW3036983001,2016-10-03T14:00:00,595-0813,6,303,70,,,,,
HGW0340690536,2016-10-03T14:00:00,595-0813,49,333,120,,81,349,0.105,0.002
HGW3521173424,2016-10-03T14:00:00,245-0016,40,377,165,,,355,0.095,
HGW2405676507,2016-10-03T14:00:00,274-0063,,324,284,,,148,0.07,
HGW1633016930,2016-10-03T14:00:00,573-0084,4,331,79,,,,,
HGW4048014188,2016-10-03T14:00:00,194-0032,9,387,311,,,230,0.07,
HGW4228193834,2016-10-03T14:00:00,245-0016,183,350,26,,,,,
HGW3199834989,2016-10-03T14:00:00,245-0016,1,321,240,,,236,0.07,
HGW0852590661,2016-10-03T14:00:00,595-0813,56,320,192,,,284,0.085,0.024
HGW3417223008,2016-10-03T14:00:00,194-0032,1,335,105,,,,,
HGW0008585550,2016-10-03T14:00:00,573-0084,18,345,25,,,,0.025,0.009
HGW3412860148,2016-10-03T14:00:00,194-0032,162,342,5,14,,,0.055,0.016
HGW0297198766,2016-10-03T14:00:00,595-0813,1,344,261,,,248,0.07,0.004
HGW1392167190,2016-10-03T14:00:00,573-0084,8,348,228,,,241,0.09,0.01
HGW0359516503,2016-10-03T14:00:00,194-0032,1,341,157,,,,,
HGW2950693375,2016-10-03T14:00:00,573-0084,,1439,558,102,4,,,
HGW1540053189,2016-10-03T15:00:00,276-0046,,473,340,,,,,
HGW1849081661,2016-10-03T15:00:00,261-0013,,496,350,,,,,
HGW2592410415,2016-10-03T15:00:00,276-0046,350,91,,,,,0.04,
HGW4192227781,2016-10-03T15:00:00,206-0824,70,149,,,,,,
HGW2440335259,2016-10-03T15:00:00,206-0824,80,64,,,,492,0.12,
HGW0022302486,2016-10-03T15:00:00,276-0046,160,96,,,,,0.01,
HGW0119000400,2016-10-03T15:00:00,276-0046,10,71,40,,,205,0.06,
HGW3729565342,2016-10-03T15:00:00,206-0824,170,127,,,68,289,0.27,
HGW0527078356,2016-10-03T15:00:00,206-0824,430,144,,,10,,0.06,
HGW3418795782,2016-10-03T15:00:00,276-0046,30,72,40,,30,163,0.06,
HGW4086841355,2016-10-03T15:00:00,261-0013,70,117,60,,,208,0.07,
HGW2053016894,2016-10-03T15:00:00,261-0013,80,129,20,,13,436,0.11,
HGW4262390424,2016-10-03T15:00:00,276-0046,30,93,50,,,248,0.08,
HGW2056923843,2016-10-03T15:00:00,276-0046,220,89,,,,,,
HGW1567490790,2016-10-03T15:00:00,276-0046,,476,280,,,,,
HGW2731818357,2016-10-03T15:00:00,276-0046,230,166,10,,,,0.01,
HGW0999938138,2016-10-03T15:00:00,261-0013,340,481,,,81,338,0.09,
HGW1484386037,2016-10-03T15:00:00,261-0013,50,146,,,,,,
HGW2626196856,2016-10-03T15:00:00,276-0046,40,187,90,,,267,0.07,
HGW2550549887,2016-10-03T15:00:00,261-0013,30,90,,,,,,
HGW3813403007,2016-10-03T15:00:00,261-0013,570,87,,,,239,0.06,
HGW0341161038,2016-10-03T15:00:00,276-0046,,156,130,,,138,0.07,
HGW3506558406,2016-10-03T15:00:00,276-0046,10,188,40,,,23,0.06,
HGW3088922230,2016-10-03T15:00:00,206-0824,540,632,,,,,,
HGW0807025331,2016-10-03T15:00:00,261-0013,30,149,10,,,,,
HGW3316354389,2016-10-03T15:00:00,276-0046,80,146,10,,,170,0.24,
HGW3835466207,2016-10-03T15:00:00,261-0013,50,260,50,,,,,
HGW3938264288,2016-10-03T15:00:00,261-0013,50,116,,,,,,
HGW0960788623,2016-10-03T15:00:00,206-0824,390,168,,,,,,
HGW2465318239,2016-10-03T15:00:00,206-0824,,99,70,,,189,,
HGW4201723405,2016-10-03T15:00:00,206-0824,160,572,,,112,,,
HGW3424705551,2016-10-03T15:00:00,276-0046,120,,,,,,,
HGW0011113187,2016-10-03T15:00:00,261-0013,130,584,,,,,,
HGW1724705971,2016-10-03T15:00:00,206-0824,100,110,,,,,,
HGW2862754275,2016-10-03T15:00:00,573-0084,252,93,,,,,,0.013
HGW2864422167,2016-10-03T15:00:00,274-0063,169,112,,,,,,
HGW1145276568,2016-10-03T15:00:00,194-0032,1,92,50,,,174,0.085,
HGW1628028254,2016-10-03T15:00:00,245-0016,442,87,,,,,,0.008
HGW3819013474,2016-10-03T15:00:00,245-0016,571,75,,,,,0.225,0.025
HGW0109674464,2016-10-03T15:00:00,245-0016,174,95,,,,,,0.018
HGW4266179256,2016-10-03T15:00:00,595-0813,200,74,,,,,,
HGW2507102389,2016-10-03T15:00:00,245-0016,258,89,,,,,,0.028
HGW0292545493,2016-10-03T15:00:00,194-0032,290,93,,,,,,0.032
HGW1888757583,2016-10-03T15:00:00,194-0032,42,87,,,,,,
HGW3087458710,2016-10-03T15:00:00,573-0084,266,98,,,,,,0.002
HGW1163585690,2016-10-03T15:00:00,573-0084,184,82,17,,50,271,0.075,
HGW2360924179,2016-10-03T15:00:00,245-0016,110,81,9,,8,485,0.135,0.014
HGW2979506575,2016-10-03T15:00:00,573-0084,94,95,,,,,,
HGW3939678160,2016-10-03T15:00:00,573-0084,166,61,13,,58,224,0.065,0.018
HGW1901037140,2016-10-03T15:00:00,573-0084,169,108,,,,,,0.002
HGW2794906293,2016-10-03T15:00:00,194-0032,611,119,,,,,,
HGW1255839825,2016-10-03T15:00:00,573-0084,185,91,,,,,,0.015
HGW1922304917,2016-10-03T15:00:00,274-0063,112,102,,,,,,
HGW0723606708,2016-10-03T15:00:00,194-0032,172,92,,,,,,
HGW4233223550,2016-10-03T15:00:00,573-0084,195,70,,,,,,
HGW3975340233,2016-10-03T15:00:00,194-0032,320,93,,,,,,0.111
HGW1770315374,2016-10-03T15:00:00,245-0016,770,89,,,,,,0.012
HGW2211161695,2016-10-03T15:00:00,573-0084,6,61,13,,,99,0.11,0.064
HGW3979453947,2016-10-03T15:00:00,274-0063,2,62,19,,,274,0.035,0.026
HGW3210466135,2016-10-03T15:00:00,573-0084,80,92,,,,,,0.003
HGW1150228943,2016-10-03T15:00:00,194-0032,3,64,15,,,205,0.065,
HGW3896978369,2016-10-03T15:00:00,245-0016,382,93,,,,,,0.001
HGW0224584910,2016-10-03T15:00:00,573-0084,273,65,,,,,,0.01
HGW2352450618,2016-10-03T15:00:00,194-0032,321,91,,,,,,0.007
HGW1382864968,2016-10-03T15:00:00,194-0032,123,42,22,,,292,0.05,0.009
HGW3299398081,2016-10-03T15:00:00,595-0813,150,70,4,,34,333,0.34,0.016
HGW3556093971,2016-10-03T15:00:00,595-0813,229,95,,,,,,
HGW1779326846,2016-10-03T15:00:00,595-0813,116,71,,,,,,
HGW0980111669,2016-10-03T15:00:00,245-0016,47,58,2,,26,233,0.035,0.02
HGW0548855049,2016-10-03T15:00:00,245-0016,130,66,,,,,,0.002
HGW2019559833,2016-10-03T15:00:00,194-0032,787,88,,,,,,0.025
HGW3905059517,2016-10-03T15:00:00,274-0063,427,94,,,,,,0.007
HGW3107087926,2016-10-03T15:00:00,595-0813,206,58,,,,,,0.004
HGW4090376889,2016-10-03T15:00:00,245-0016,33,89,31,,142,301,0.32,0.004
HGW2896326762,2016-10-03T15:00:00,274-0063,316,76,,,,,0.13,0.018
HGW3027793024,2016-10-03T15:00:00,245-0016,2,79,33,,,169,0.115,0.013
HGW1337358987,2016-10-03T15:00:00,274-0063,,116,64,,,231,0.065,0.005
HGW3766800683,2016-10-03T15:00:00,194-0032,29,87,24,,,311,0.095,0.003
HGW2238224375,2016-10-03T15:00:00,573-0084,22,91,22,,41,344,0.175,0.018
HGW2500187106,2016-10-03T15:00:00,595-0813,248,92,,,71,297,0.145,0.031
HGW2633657355,2016-10-03T15:00:00,573-0084,312,75,1,,,341,0.09,0.057
HGW3036983001,2016-10-03T15:00:00,595-0813,163,73,,,,,,
HGW0340690536,2016-10-03T15:00:00,595-0813,52,84,15,,,290,0.08,0.038
HGW3521173424,2016-10-03T15:00:00,245-0016,180,104,1,,,355,0.11,0.008
HGW2405676507,2016-10-03T15:00:00,274-0063,1,81,35,,,177,0.065,
HGW1633016930,2016-10-03T15:00:00,573-0084,149,84,,,,,,
HGW4048014188,2016-10-03T15:00:00,194-0032,21,102,52,,,185,0.065,
HGW4228193834,2016-10-03T15:00:00,245-0016,389,90,,,,,,
HGW3199834989,2016-10-03T15:00:00,245-0016,6,78,18,,,240,0.125,0.009
HGW0852590661,2016-10-03T15:00:00,595-0813,25,73,29,,,212,0.075,
HGW3417223008,2016-10-03T15:00:00,194-0032,126,83,,,,,,
HGW0008585550,2016-10-03T15:00:00,573-0084,271,87,,,,,,0.012
HGW3412860148,2016-10-03T15:00:00,194-0032,210,84,,,,,,
HGW0297198766,2016-10-03T15:00:00,595-0813,11,89,21,,,338,0.2,0.044
HGW1392167190,2016-10-03T15:00:00,573-0084,10,88,26,,,270,0.125,0.025
HGW0359516503,2016-10-03T15:00:00,194-0032,97,87,,,,,,
HGW2950693375,2016-10-03T15:00:00,573-0084,67,367,40,,301,,,
HGW1540053189,2016-10-03T16:00:00,276-0046,80,62,,,,,,
HGW1849081661,2016-10-03T16:00:00,261-0013,60,74,,,,,,
HGW2592410415,2016-10-03T16:00:00,276-0046,350,,,,,,,
HGW4192227781,2016-10-03T16:00:00,206-0824,210,15,,,,,,
HGW2440335259,2016-10-03T16:00:00,206-0824,220,,,,,490,0.12,
HGW0022302486,2016-10-03T16:00:00,276-0046,370,,,,68,,,
HGW0119000400,2016-10-03T16:00:00,276-0046,40,,,,,204,0.07,
HGW3729565342,2016-10-03T16:00:00,206-0824,100,2,10,,,194,0.06,
HGW0527078356,2016-10-03T16:00:00,206-0824,30,13,10,,,127,0.07,
HGW3418795782,2016-10-03T16:00:00,276-0046,120,,,,,242,0.07,
HGW4086841355,2016-10-03T16:00:00,261-0013,290,1,,,30,237,0.06,
HGW2053016894,2016-10-03T16:00:00,261-0013,180,1,,,,412,0.11,
HGW4262390424,2016-10-03T16:00:00,276-0046,80,,,,,230,0.07,
HGW2056923843,2016-10-03T16:00:00,276-0046,160,,,,169,,,
HGW1567490790,2016-10-03T16:00:00,276-0046,180,61,,,,,,
HGW2731818357,2016-10-03T16:00:00,276-0046,380,3,,,,,0.01,
HGW0999938138,2016-10-03T16:00:00,261-0013,510,68,,,6,,0.02,
HGW1484386037,2016-10-03T16:00:00,261-0013,180,12,,,,,,
HGW2626196856,2016-10-03T16:00:00,276-0046,130,5,,,,252,0.07,
HGW2550549887,2016-10-03T16:00:00,261-0013,120,,,,,,,
HGW3813403007,2016-10-03T16:00:00,261-0013,660,,,,,240,0.2,
HGW0341161038,2016-10-03T16:00:00,276-0046,40,3,,,,139,0.06,
HGW3506558406,2016-10-03T16:00:00,276-0046,170,14,,,,24,0.07,
HGW3088922230,2016-10-03T16:00:00,206-0824,460,158,,,,,,
HGW0807025331,2016-10-03T16:00:00,261-0013,150,12,,,,,,
HGW3316354389,2016-10-03T16:00:00,276-0046,480,14,,,,,0.05,
HGW3835466207,2016-10-03T16:00:00,261-0013,210,62,,,,,,
HGW3938264288,2016-10-03T16:00:00,261-0013,170,3,,,41,,,
HGW0960788623,2016-10-03T16:00:00,206-0824,270,39,,,,,,
HGW2465318239,2016-10-03T16:00:00,206-0824,70,,,,,199,,
HGW4201723405,2016-10-03T16:00:00,206-0824,210,145,,,48,,,
HGW3424705551,2016-10-03T16:00:00,276-0046,120,,,,,,,
HGW0011113187,2016-10-03T16:00:00,261-0013,130,140,,,,,,
HGW1724705971,2016-10-03T16:00:00,206-0824,270,,,,,,,
HGW2862754275,2016-10-03T16:00:00,573-0084,192,70,,,,,,
HGW2864422167,2016-10-03T16:00:00,274-0063,288,87,,,17,,,
HGW1145276568,2016-10-03T16:00:00,194-0032,5,71,33,,49,200,0.07,
HGW1628028254,2016-10-03T16:00:00,245-0016,354,66,,,6,,,
HGW3819013474,2016-10-03T16:00:00,245-0016,526,56,,,,,0.045,0.008
HGW0109674464,2016-10-03T16:00:00,245-0016,363,73,,,164,,,0.012
HGW4266179256,2016-10-03T16:00:00,595-0813,271,54,,,,,,
HGW2507102389,2016-10-03T16:00:00,245-0016,268,68,,,7,,,0.044
HGW0292545493,2016-10-03T16:00:00,194-0032,505,71,,,172,,,0.008
HGW1888757583,2016-10-03T16:00:00,194-0032,65,67,,,,,,
HGW3087458710,2016-10-03T16:00:00,573-0084,235,79,,,,,,
HGW1163585690,2016-10-03T16:00:00,573-0084,93,65,18,,15,246,0.07,0.003
HGW2360924179,2016-10-03T16:00:00,245-0016,32,64,20,,1,479,0.135,
HGW2979506575,2016-10-03T16:00:00,573-0084,205,76,,,,,,
HGW3939678160,2016-10-03T16:00:00,573-0084,127,44,,,,248,0.095,0.015
HGW1901037140,2016-10-03T16:00:00,573-0084,851,86,,,124,,,0.044
HGW2794906293,2016-10-03T16:00:00,194-0032,403,82,,,47,,,
HGW1255839825,2016-10-03T16:00:00,573-0084,216,71,,,12,,,0.002
HGW1922304917,2016-10-03T16:00:00,274-0063,127,80,,,52,,,
HGW0723606708,2016-10-03T16:00:00,194-0032,173,68,,,109,,,
HGW4233223550,2016-10-03T16:00:00,573-0084,231,51,,,,,,
HGW3975340233,2016-10-03T16:00:00,194-0032,341,71,,,196,,,0.004
HGW1770315374,2016-10-03T16:00:00,245-0016,679,68,,,310,,,0.055
HGW2211161695,2016-10-03T16:00:00,573-0084,9,44,9,,,90,0.065,
HGW3979453947,2016-10-03T16:00:00,274-0063,19,45,5,,,259,0.04,0.007
HGW3210466135,2016-10-03T16:00:00,573-0084,881,69,,,132,,,0.076
HGW1150228943,2016-10-03T16:00:00,194-0032,44,47,7,,31,193,0.07,0.003
HGW3896978369,2016-10-03T16:00:00,245-0016,331,69,,,54,,,0.008
HGW0224584910,2016-10-03T16:00:00,573-0084,357,44,,,,,,0.025
HGW2352450618,2016-10-03T16:00:00,194-0032,623,69,,,41,,,0.034
HGW1382864968,2016-10-03T16:00:00,194-0032,37,28,7,,54,446,0.07,0.008
HGW3299398081,2016-10-03T16:00:00,595-0813,257,52,,,,358,0.41,0.065
HGW3556093971,2016-10-03T16:00:00,595-0813,246,71,,,53,,,0.002
HGW1779326846,2016-10-03T16:00:00,595-0813,233,48,,,104,,0.035,0.023
HGW0980111669,2016-10-03T16:00:00,245-0016,192,40,,,,276,0.09,0.197
HGW0548855049,2016-10-03T16:00:00,245-0016,512,45,,,,,0.035,0.014
HGW2019559833,2016-10-03T16:00:00,194-0032,782,67,,,165,,,0.291
HGW3905059517,2016-10-03T16:00:00,274-0063,505,70,,,135,,,0.025
HGW3107087926,2016-10-03T16:00:00,595-0813,134,42,,,,,,
HGW4090376889,2016-10-03T16:00:00,245-0016,330,67,,,,290,0.35,0.036
HGW2896326762,2016-10-03T16:00:00,274-0063,334,57,,,,,0.145,
HGW3027793024,2016-10-03T16:00:00,245-0016,97,61,4,,,496,0.125,0.001
HGW1337358987,2016-10-03T16:00:00,274-0063,13,91,7,,,274,0.07,
HGW3766800683,2016-10-03T16:00:00,194-0032,29,65,14,,,314,0.095,
HGW2238224375,2016-10-03T16:00:00,573-0084,3,72,26,,,232,0.07,0.013
HGW2500187106,2016-10-03T16:00:00,595-0813,63,72,14,,,264,0.075,0.006
HGW2633657355,2016-10-03T16:00:00,573-0084,109,57,2,,10,393,0.125,0.004
HGW3036983001,2016-10-03T16:00:00,595-0813,256,53,,,,,,
HGW0340690536,2016-10-03T16:00:00,595-0813,125,63,3,,22,359,0.16,0.025
HGW3521173424,2016-10-03T16:00:00,245-0016,182,82,,,,357,0.145,0.02
HGW2405676507,2016-10-03T16:00:00,274-0063,18,61,20,,19,251,0.07,
HGW1633016930,2016-10-03T16:00:00,573-0084,168,63,,,,,,
HGW4048014188,2016-10-03T16:00:00,194-0032,35,81,36,,,176,0.07,
HGW4228193834,2016-10-03T16:00:00,245-0016,377,67,,,,,,0.182
HGW3199834989,2016-10-03T16:00:00,245-0016,13,59,14,,,247,0.07,
HGW0852590661,2016-10-03T16:00:00,595-0813,7,56,20,,3,178,0.07,0.001
HGW3417223008,2016-10-03T16:00:00,194-0032,196,62,,,,,,0.168
HGW0008585550,2016-10-03T16:00:00,573-0084,350,68,,,8,,,0.021
HGW3412860148,2016-10-03T16:00:00,194-0032,232,64,,,,,,
HGW0297198766,2016-10-03T16:00:00,595-0813,160,66,5,,5,346,0.09,0.021
HGW1392167190,2016-10-03T16:00:00,573-0084,8,66,26,,,246,0.075,
HGW0359516503,2016-10-03T16:00:00,194-0032,114,68,,,,,,
HGW2950693375,2016-10-03T16:00:00,573-0084,15,273,17,,405,,,
HGW1540053189,2016-10-03T17:00:00,276-0046,180,,,,,,,
HGW1849081661,2016-10-03T17:00:00,261-0013,170,,,,,,,
HGW2592410415,2016-10-03T17:00:00,276-0046,210,,,,,,,
HGW4192227781,2016-10-03T17:00:00,206-0824,240,,,,,,,
HGW2440335259,2016-10-03T17:00:00,206-0824,470,,,,181,401,0.17,
HGW0022302486,2016-10-03T17:00:00,276-0046,420,,,,99,,0.06,
HGW0119000400,2016-10-03T17:00:00,276-0046,180,,,,60,237,0.07,
HGW3729565342,2016-10-03T17:00:00,206-0824,460,,,,,233,0.39,
HGW0527078356,2016-10-03T17:00:00,206-0824,30,,,,,139,0.07,
HGW3418795782,2016-10-03T17:00:00,276-0046,490,,,,171,254,0.08,
HGW4086841355,2016-10-03T17:00:00,261-0013,550,,,,76,242,0.13,
HGW2053016894,2016-10-03T17:00:00,261-0013,250,,,,12,380,0.1,
HGW4262390424,2016-10-03T17:00:00,276-0046,40,,,,,203,0.08,
HGW2056923843,2016-10-03T17:00:00,276-0046,230,,,,689,,,
HGW1567490790,2016-10-03T17:00:00,276-0046,200,,,,421,,,
HGW2731818357,2016-10-03T17:00:00,276-0046,560,,,,,,,
HGW0999938138,2016-10-03T17:00:00,261-0013,510,,,,3,,0.02,
HGW1484386037,2016-10-03T17:00:00,261-0013,210,,,,,,,
HGW2626196856,2016-10-03T17:00:00,276-0046,290,,,,52,285,0.12,
HGW2550549887,2016-10-03T17:00:00,261-0013,120,,,,,,,
HGW3813403007,2016-10-03T17:00:00,261-0013,470,,,,,240,0.3,
HGW0341161038,2016-10-03T17:00:00,276-0046,40,,,,,145,0.08,
HGW3506558406,2016-10-03T17:00:00,276-0046,210,3,,,137,94,0.06,
HGW3088922230,2016-10-03T17:00:00,206-0824,780,5,,,,,,
HGW0807025331,2016-10-03T17:00:00,261-0013,180,,,,,,,
HGW3316354389,2016-10-03T17:00:00,276-0046,510,,,,,,,
HGW3835466207,2016-10-03T17:00:00,261-0013,320,,,,3,,,
HGW3938264288,2016-10-03T17:00:00,261-0013,180,4,,,412,,,
HGW0960788623,2016-10-03T17:00:00,206-0824,320,,,,,,,
HGW2465318239,2016-10-03T17:00:00,206-0824,530,,,,317,298,,
HGW4201723405,2016-10-03T17:00:00,206-0824,160,4,,,73,,,
HGW3424705551,2016-10-03T17:00:00,276-0046,130,,,,,,,
HGW0011113187,2016-10-03T17:00:00,261-0013,120,3,,,,,,
HGW1724705971,2016-10-03T17:00:00,206-0824,230,,,,,,,
HGW2862754275,2016-10-03T17:00:00,573-0084,318,1,,,733,,,0.143
HGW2864422167,2016-10-03T17:00:00,274-0063,535,3,,,52,,0.045,0.035
HGW1145276568,2016-10-03T17:00:00,194-0032,272,1,,,30,238,0.065,0.024
HGW1628028254,2016-10-03T17:00:00,245-0016,224,1,,,448,,,0.018
HGW3819013474,2016-10-03T17:00:00,245-0016,629,,,,,,,0.023
HGW0109674464,2016-10-03T17:00:00,245-0016,227,1,,,159,,,0.017
HGW4266179256,2016-10-03T17:00:00,595-0813,271,1,,,,,,
HGW2507102389,2016-10-03T17:00:00,245-0016,268,1,,,128,,,
HGW0292545493,2016-10-03T17:00:00,194-0032,350,1,,,346,,,0.205
HGW1888757583,2016-10-03T17:00:00,194-0032,129,1,,,,,,
HGW3087458710,2016-10-03T17:00:00,573-0084,316,3,,,,,,
HGW1163585690,2016-10-03T17:00:00,573-0084,242,1,,,4,298,0.12,
HGW2360924179,2016-10-03T17:00:00,245-0016,256,2,,,123,471,0.145,0.02
HGW2979506575,2016-10-03T17:00:00,573-0084,305,1,,,429,,,0.003
HGW3939678160,2016-10-03T17:00:00,573-0084,173,,,,,307,0.18,0.036
HGW1901037140,2016-10-03T17:00:00,573-0084,246,2,,,579,,,0.016
HGW2794906293,2016-10-03T17:00:00,194-0032,207,4,,,253,,,
HGW1255839825,2016-10-03T17:00:00,573-0084,528,3,,,177,,0.385,0.202
HGW1922304917,2016-10-03T17:00:00,274-0063,162,2,,,683,,,0.022
HGW0723606708,2016-10-03T17:00:00,194-0032,162,1,,,638,,,0.004
HGW4233223550,2016-10-03T17:00:00,573-0084,229,,,,,,,
HGW3975340233,2016-10-03T17:00:00,194-0032,182,2,,,628,,,0.001
HGW1770315374,2016-10-03T17:00:00,245-0016,200,1,,,1059,,,0.165
HGW2211161695,2016-10-03T17:00:00,573-0084,46,,,,,86,0.065,0.013
HGW3979453947,2016-10-03T17:00:00,274-0063,50,,,,,351,0.045,0.009
HGW3210466135,2016-10-03T17:00:00,573-0084,551,1,,,433,,,0.025
HGW1150228943,2016-10-03T17:00:00,194-0032,100,,,,15,334,0.195,0.034
HGW3896978369,2016-10-03T17:00:00,245-0016,168,1,,,209,,,
HGW0224584910,2016-10-03T17:00:00,573-0084,457,,,,21,,,0.019
HGW2352450618,2016-10-03T17:00:00,194-0032,308,1,,,253,,,0.015
HGW1382864968,2016-10-03T17:00:00,194-0032,230,,,,,560,0.165,0.059
HGW3299398081,2016-10-03T17:00:00,595-0813,301,1,,,,359,0.185,0.162
HGW3556093971,2016-10-03T17:00:00,595-0813,193,1,,,509,,,0.02
HGW1779326846,2016-10-03T17:00:00,595-0813,491,1,,,138,,,0.011
HGW0980111669,2016-10-03T17:00:00,245-0016,127,,,,62,241,0.04,0.099
HGW0548855049,2016-10-03T17:00:00,245-0016,99,1,,,,141,0.06,
HGW2019559833,2016-10-03T17:00:00,194-0032,208,1,,,1131,,,0.017
HGW3905059517,2016-10-03T17:00:00,274-0063,182,2,,,759,,,0.007
HGW3107087926,2016-10-03T17:00:00,595-0813,162,,,,,,,
HGW4090376889,2016-10-03T17:00:00,245-0016,452,2,,,64,293,0.15,0.168
HGW2896326762,2016-10-03T17:00:00,274-0063,369,1,,,,,0.135,
HGW3027793024,2016-10-03T17:00:00,245-0016,66,1,,,,553,0.15,0.167
HGW1337358987,2016-10-03T17:00:00,274-0063,72,3,,,,259,0.075,0.006
HGW3766800683,2016-10-03T17:00:00,194-0032,89,1,,,2,341,0.095,0.048
HGW2238224375,2016-10-03T17:00:00,573-0084,128,3,,,43,204,0.095,0.002
HGW2500187106,2016-10-03T17:00:00,595-0813,109,3,,,,243,0.07,
HGW2633657355,2016-10-03T17:00:00,573-0084,309,1,,,,247,0.07,0.016
HGW3036983001,2016-10-03T17:00:00,595-0813,262,1,,,,,,
HGW0340690536,2016-10-03T17:00:00,595-0813,393,1,,,137,359,0.16,0.031
HGW3521173424,2016-10-03T17:00:00,245-0016,214,3,,,,346,0.11,0.006
HGW2405676507,2016-10-03T17:00:00,274-0063,189,1,,,126,409,0.11,
HGW1633016930,2016-10-03T17:00:00,573-0084,240,1,,,,,,
HGW4048014188,2016-10-03T17:00:00,194-0032,98,2,,,4,294,0.125,0.031
HGW4228193834,2016-10-03T17:00:00,245-0016,488,2,,,,,,0.041
HGW3199834989,2016-10-03T17:00:00,245-0016,174,1,,,24,237,0.08,0.033
HGW0852590661,2016-10-03T17:00:00,595-0813,248,1,,,158,270,0.12,0.053
HGW3417223008,2016-10-03T17:00:00,194-0032,483,1,,,70,,,0.064
HGW0008585550,2016-10-03T17:00:00,573-0084,432,2,,,,,,0.024
HGW3412860148,2016-10-03T17:00:00,194-0032,290,1,,,,,,0.002
HGW0297198766,2016-10-03T17:00:00,595-0813,199,1,,,40,317,0.12,0.011
HGW1392167190,2016-10-03T17:00:00,573-0084,48,1,,,,199,0.07,
HGW0359516503,2016-10-03T17:00:00,194-0032,195,2,,,29,,,
HGW2950693375,2016-10-03T17:00:00,573-0084,70,9,,,866,,,
HGW1540053189,2016-10-03T18:00:00,276-0046,170,,,,,,,
HGW1849081661,2016-10-03T18:00:00,261-0013,180,,,,,,,
HGW2592410415,2016-10-03T18:00:00,276-0046,370,,,,49,,0.02,
HGW4192227781,2016-10-03T18:00:00,206-0824,250,,,,,,,
HGW2440335259,2016-10-03T18:00:00,206-0824,510,,,,139,355,0.12,
HGW0022302486,2016-10-03T18:00:00,276-0046,380,,,,46,,0.21,
HGW0119000400,2016-10-03T18:00:00,276-0046,510,,,,,50,0.01,
HGW3729565342,2016-10-03T18:00:00,206-0824,260,,,,,239,0.3,
HGW0527078356,2016-10-03T18:00:00,206-0824,40,,,,,145,0.06,
HGW3418795782,2016-10-03T18:00:00,276-0046,120,,,,345,597,0.24,
HGW4086841355,2016-10-03T18:00:00,261-0013,510,,,,50,241,0.06,
HGW2053016894,2016-10-03T18:00:00,261-0013,250,,,,22,497,0.16,
HGW4262390424,2016-10-03T18:00:00,276-0046,40,,,,,190,0.07,
HGW2056923843,2016-10-03T18:00:00,276-0046,170,,,,211,,,
HGW1567490790,2016-10-03T18:00:00,276-0046,170,,,,993,,,
HGW2731818357,2016-10-03T18:00:00,276-0046,440,,,,11,,,
HGW0999938138,2016-10-03T18:00:00,261-0013,580,,,,16,,0.01,
HGW1484386037,2016-10-03T18:00:00,261-0013,550,,,,67,,0.04,
HGW2626196856,2016-10-03T18:00:00,276-0046,220,,,,55,318,0.12,
HGW2550549887,2016-10-03T18:00:00,261-0013,120,,,,,,,
HGW3813403007,2016-10-03T18:00:00,261-0013,800,,,,,239,0.18,
HGW0341161038,2016-10-03T18:00:00,276-0046,40,,,,,145,0.06,
HGW3506558406,2016-10-03T18:00:00,276-0046,230,,,,114,70,0.08,
HGW3088922230,2016-10-03T18:00:00,206-0824,700,,,,,,,
HGW0807025331,2016-10-03T18:00:00,261-0013,180,,,,,,,
HGW3316354389,2016-10-03T18:00:00,276-0046,500,,,,,,,
HGW3835466207,2016-10-03T18:00:00,261-0013,790,,,,150,,,
HGW3938264288,2016-10-03T18:00:00,261-0013,150,,,,25,101,,
HGW0960788623,2016-10-03T18:00:00,206-0824,670,,,,146,,,
HGW2465318239,2016-10-03T18:00:00,206-0824,540,,,,,241,,
HGW4201723405,2016-10-03T18:00:00,206-0824,170,,,,,,,
HGW3424705551,2016-10-03T18:00:00,276-0046,140,,,,,,,
HGW0011113187,2016-10-03T18:00:00,261-0013,140,,,,,,,
HGW1724705971,2016-10-03T18:00:00,206-0824,220,,,,,,,
HGW2862754275,2016-10-03T18:00:00,573-0084,436,,,,40,,,0.152
HGW2864422167,2016-10-03T18:00:00,274-0063,735,,,,,,0.095,0.11
HGW1145276568,2016-10-03T18:00:00,194-0032,58,,,,66,207,0.07,0.001
HGW1628028254,2016-10-03T18:00:00,245-0016,204,,,,862,,,0.044
HGW3819013474,2016-10-03T18:00:00,245-0016,662,,,,,,,0.017
HGW0109674464,2016-10-03T18:00:00,245-0016,181,,,,559,,,0.003
HGW4266179256,2016-10-03T18:00:00,595-0813,334,,,,,,,
HGW2507102389,2016-10-03T18:00:00,245-0016,314,,,,210,,,0.193
HGW0292545493,2016-10-03T18:00:00,194-0032,179,,,,362,,,0.166
HGW1888757583,2016-10-03T18:00:00,194-0032,128,,,,,,,
HGW3087458710,2016-10-03T18:00:00,573-0084,427,,,,10,,0.03,0.035
HGW1163585690,2016-10-03T18:00:00,573-0084,213,,,,125,298,0.08,
HGW2360924179,2016-10-03T18:00:00,245-0016,232,,,,309,611,0.185,0.046
HGW2979506575,2016-10-03T18:00:00,573-0084,453,,,,4,,,0.071
HGW3939678160,2016-10-03T18:00:00,573-0084,197,,,,34,376,0.13,0.213
HGW1901037140,2016-10-03T18:00:00,573-0084,195,,,,694,,,0.019
HGW2794906293,2016-10-03T18:00:00,194-0032,156,,,,745,,,
HGW1255839825,2016-10-03T18:00:00,573-0084,579,,,,4,,0.19,0.066
HGW1922304917,2016-10-03T18:00:00,274-0063,402,,,,234,,,0.002
HGW0723606708,2016-10-03T18:00:00,194-0032,160,,,,634,,,0.011
HGW4233223550,2016-10-03T18:00:00,573-0084,498,,,,97,,0.065,0.035
HGW3975340233,2016-10-03T18:00:00,194-0032,155,,,,495,,,0.02
HGW1770315374,2016-10-03T18:00:00,245-0016,204,,,,674,,,0.062
HGW2211161695,2016-10-03T18:00:00,573-0084,61,,,,,94,0.085,0.014
HGW3979453947,2016-10-03T18:00:00,274-0063,133,,,,,315,0.175,0.122
HGW3210466135,2016-10-03T18:00:00,573-0084,426,,,,,,,0.17
HGW1150228943,2016-10-03T18:00:00,194-0032,69,,,,174,507,0.16,0.037
HGW3896978369,2016-10-03T18:00:00,245-0016,229,,,,124,,,0.214
HGW0224584910,2016-10-03T18:00:00,573-0084,451,,,,13,,,0.026
HGW2352450618,2016-10-03T18:00:00,194-0032,283,,,,793,,,0.01
HGW1382864968,2016-10-03T18:00:00,194-0032,221,,,,,383,0.06,0.003
HGW3299398081,2016-10-03T18:00:00,595-0813,201,,,,40,351,0.125,0.169
HGW3556093971,2016-10-03T18:00:00,595-0813,181,,,,289,,,0.004
HGW1779326846,2016-10-03T18:00:00,595-0813,331,,,,,,,0.023
HGW0980111669,2016-10-03T18:00:00,245-0016,85,,,,,315,0.045,0.038
HGW0548855049,2016-10-03T18:00:00,245-0016,54,,,,,172,0.065,0.014
HGW2019559833,2016-10-03T18:00:00,194-0032,166,,,,533,,,0.015
HGW3905059517,2016-10-03T18:00:00,274-0063,339,,,,1092,,,0.029
HGW3107087926,2016-10-03T18:00:00,595-0813,236,,,,,,0.01,0.008
HGW4090376889,2016-10-03T18:00:00,245-0016,277,,,,61,457,0.115,0.174
HGW2896326762,2016-10-03T18:00:00,274-0063,350,,,,,,0.125,0.122
HGW3027793024,2016-10-03T18:00:00,245-0016,150,,,,63,342,0.105,0.107
HGW1337358987,2016-10-03T18:00:00,274-0063,47,,,,,179,0.065,0.005
HGW3766800683,2016-10-03T18:00:00,194-0032,133,,,,389,615,0.2,0.249
HGW2238224375,2016-10-03T18:00:00,573-0084,122,,,,46,337,0.115,0.019
HGW2500187106,2016-10-03T18:00:00,595-0813,287,,,,,297,0.105,0.272
HGW2633657355,2016-10-03T18:00:00,573-0084,497,,,,,232,0.095,0.107
HGW3036983001,2016-10-03T18:00:00,595-0813,349,,,,,,,0.001
HGW0340690536,2016-10-03T18:00:00,595-0813,112,,,,7,289,0.09,0.184
HGW3521173424,2016-10-03T18:00:00,245-0016,127,,,,,478,0.39,0.008
HGW2405676507,2016-10-03T18:00:00,274-0063,63,,,,,408,0.17,
HGW1633016930,2016-10-03T18:00:00,573-0084,232,,,,,,,
HGW4048014188,2016-10-03T18:00:00,194-0032,100,,,,125,325,0.11,0.007
HGW4228193834,2016-10-03T18:00:00,245-0016,517,,,,15,,,
HGW3199834989,2016-10-03T18:00:00,245-0016,115,,,,,256,0.085,0.088
HGW0852590661,2016-10-03T18:00:00,595-0813,150,,,,,309,0.095,0.11
HGW3417223008,2016-10-03T18:00:00,194-0032,478,,,,55,,0.115,0.012
HGW0008585550,2016-10-03T18:00:00,573-0084,284,,,,,,,0.051
HGW3412860148,2016-10-03T18:00:00,194-0032,433,,,,,,0.025,0.006
HGW0297198766,2016-10-03T18:00:00,595-0813,249,,,,417,353,0.105,0.174
HGW1392167190,2016-10-03T18:00:00,573-0084,83,,,,14,260,0.085,0.16
HGW0359516503,2016-10-03T18:00:00,194-0032,315,,,,,,,0.007
HGW2950693375,2016-10-03T18:00:00,573-0084,70,,,,1009,,,
HGW1540053189,2016-10-03T19:00:00,276-0046,170,,,,,,,
HGW1849081661,2016-10-03T19:00:00,261-0013,170,,,,,,,
HGW2592410415,2016-10-03T19:00:00,276-0046,590,,,,84,,0.13,
HGW4192227781,2016-10-03T19:00:00,206-0824,240,,,,,,,
HGW2440335259,2016-10-03T19:00:00,206-0824,580,,,,59,283,0.08,
HGW0022302486,2016-10-03T19:00:00,276-0046,430,,,,32,,,
HGW0119000400,2016-10-03T19:00:00,276-0046,660,,,,49,,0.02,
HGW3729565342,2016-10-03T19:00:00,206-0824,430,,,,428,351,0.11,
HGW0527078356,2016-10-03T19:00:00,206-0824,40,,,,,142,0.08,
HGW3418795782,2016-10-03T19:00:00,276-0046,140,,,,91,526,0.28,
HGW4086841355,2016-10-03T19:00:00,261-0013,420,,,,42,364,0.2,
HGW2053016894,2016-10-03T19:00:00,261-0013,90,,,,59,388,0.13,
HGW4262390424,2016-10-03T19:00:00,276-0046,50,,,,,201,0.06,
HGW2056923843,2016-10-03T19:00:00,276-0046,150,,,,326,,,
HGW1567490790,2016-10-03T19:00:00,276-0046,160,,,,594,,,
HGW2731818357,2016-10-03T19:00:00,276-0046,850,,,,25,,0.22,
HGW0999938138,2016-10-03T19:00:00,261-0013,500,,,,62,,,
HGW1484386037,2016-10-03T19:00:00,261-0013,460,,,,5,,0.03,
HGW2626196856,2016-10-03T19:00:00,276-0046,250,,,,120,453,0.14,
HGW2550549887,2016-10-03T19:00:00,261-0013,130,,,,,,,
HGW3813403007,2016-10-03T19:00:00,261-0013,1140,,,,,238,0.43,
HGW0341161038,2016-10-03T19:00:00,276-0046,40,,,,,143,0.06,
HGW3506558406,2016-10-03T19:00:00,276-0046,120,,,,454,3,0.01,
HGW3088922230,2016-10-03T19:00:00,206-0824,770,,,,,,,
HGW0807025331,2016-10-03T19:00:00,261-0013,180,,,,,,,
HGW3316354389,2016-10-03T19:00:00,276-0046,380,,,,,,0.04,
HGW3835466207,2016-10-03T19:00:00,261-0013,550,,,,20,,,
HGW3938264288,2016-10-03T19:00:00,261-0013,180,,,,33,147,,
HGW0960788623,2016-10-03T19:00:00,206-0824,820,,,,248,,,
HGW2465318239,2016-10-03T19:00:00,206-0824,490,,,,15,238,,
HGW4201723405,2016-10-03T19:00:00,206-0824,180,,,,,,,
HGW3424705551,2016-10-03T19:00:00,276-0046,130,,,,,,,
HGW0011113187,2016-10-03T19:00:00,261-0013,290,,,,,,,
HGW1724705971,2016-10-03T19:00:00,206-0824,210,,,,,,,
HGW2862754275,2016-10-03T19:00:00,573-0084,435,,,,186,,,0.048
HGW2864422167,2016-10-03T19:00:00,274-0063,732,,,,614,,0.42,0.44
HGW1145276568,2016-10-03T19:00:00,194-0032,162,,,,18,238,0.07,0.199
HGW1628028254,2016-10-03T19:00:00,245-0016,180,,,,317,,,0.162
HGW3819013474,2016-10-03T19:00:00,245-0016,508,,,,,,0.09,0.066
HGW0109674464,2016-10-03T19:00:00,245-0016,154,,,,499,,,0.007
HGW4266179256,2016-10-03T19:00:00,595-0813,303,,,,,,,
HGW2507102389,2016-10-03T19:00:00,245-0016,427,,,,180,,,0.08
HGW0292545493,2016-10-03T19:00:00,194-0032,158,,,,249,,,0.081
HGW1888757583,2016-10-03T19:00:00,194-0032,129,,,,,,,
HGW3087458710,2016-10-03T19:00:00,573-0084,496,,,,,,0.01,0.03
HGW1163585690,2016-10-03T19:00:00,573-0084,311,,,,102,293,0.095,0.262
HGW2360924179,2016-10-03T19:00:00,245-0016,126,,,,372,661,0.185,0.078
HGW2979506575,2016-10-03T19:00:00,573-0084,460,,,,23,,,0.022
HGW3939678160,2016-10-03T19:00:00,573-0084,94,,,,,505,0.135,0.029
HGW1901037140,2016-10-03T19:00:00,573-0084,154,,,,907,,,0.188
HGW2794906293,2016-10-03T19:00:00,194-0032,168,,,,370,,,
HGW1255839825,2016-10-03T19:00:00,573-0084,537,,,,79,,0.035,0.023
HGW1922304917,2016-10-03T19:00:00,274-0063,151,,,,272,,,0.001
HGW0723606708,2016-10-03T19:00:00,194-0032,164,,,,567,,,
HGW4233223550,2016-10-03T19:00:00,573-0084,376,,,,,,,0.002
HGW3975340233,2016-10-03T19:00:00,194-0032,414,,,,339,,,0.008
HGW1770315374,2016-10-03T19:00:00,245-0016,153,,,,645,,,0.087
HGW2211161695,2016-10-03T19:00:00,573-0084,45,,,,,92,0.065,0.014
HGW3979453947,2016-10-03T19:00:00,274-0063,564,,,,175,,0.09,0.013
HGW3210466135,2016-10-03T19:00:00,573-0084,325,,,,462,,,0.114
HGW1150228943,2016-10-03T19:00:00,194-0032,97,,,,184,574,0.32,0.271
HGW3896978369,2016-10-03T19:00:00,245-0016,594,,,,,,,0.076
HGW0224584910,2016-10-03T19:00:00,573-0084,370,,,,,,,0.101
HGW2352450618,2016-10-03T19:00:00,194-0032,523,,,,438,,,0.022
HGW1382864968,2016-10-03T19:00:00,194-0032,645,,,,37,,0.07,0.054
HGW3299398081,2016-10-03T19:00:00,595-0813,263,,,,,348,0.12,0.069
HGW3556093971,2016-10-03T19:00:00,595-0813,252,,,,536,,,0.003
HGW1779326846,2016-10-03T19:00:00,595-0813,307,,,,73,,0.015,
HGW0980111669,2016-10-03T19:00:00,245-0016,80,,,,,298,0.045,0.051
HGW0548855049,2016-10-03T19:00:00,245-0016,81,,,,,258,0.07,0.003
HGW2019559833,2016-10-03T19:00:00,194-0032,156,,,,339,,,0.039
HGW3905059517,2016-10-03T19:00:00,274-0063,151,,,,463,,,0.29
HGW3107087926,2016-10-03T19:00:00,595-0813,382,,,,,,0.265,0.147
HGW4090376889,2016-10-03T19:00:00,245-0016,285,,,,42,363,0.1,0.03
HGW2896326762,2016-10-03T19:00:00,274-0063,269,,,,,,0.04,
HGW3027793024,2016-10-03T19:00:00,245-0016,60,,,,,479,0.15,0.002
HGW1337358987,2016-10-03T19:00:00,274-0063,61,,,,6,222,0.065,0.005
HGW3766800683,2016-10-03T19:00:00,194-0032,81,,,,2,647,0.195,0.072
HGW2238224375,2016-10-03T19:00:00,573-0084,137,,,,,312,0.085,0.226
HGW2500187106,2016-10-03T19:00:00,595-0813,180,,,,,479,0.14,0.099
HGW2633657355,2016-10-03T19:00:00,573-0084,408,,,,,230,0.095,0.041
HGW3036983001,2016-10-03T19:00:00,595-0813,402,,,,,,,0.007
HGW0340690536,2016-10-03T19:00:00,595-0813,104,,,,69,455,0.145,0.128
HGW3521173424,2016-10-03T19:00:00,245-0016,240,,,,,430,0.125,0.076
HGW2405676507,2016-10-03T19:00:00,274-0063,53,,,,,363,0.115,
HGW1633016930,2016-10-03T19:00:00,573-0084,271,,,,,,,
HGW4048014188,2016-10-03T19:00:00,194-0032,176,,,,175,488,0.135,0.137
HGW4228193834,2016-10-03T19:00:00,245-0016,640,,,,6,,,0.019
HGW3199834989,2016-10-03T19:00:00,245-0016,97,,,,5,265,0.07,0.222
HGW0852590661,2016-10-03T19:00:00,595-0813,86,,,,,328,0.105,0.152
HGW3417223008,2016-10-03T19:00:00,194-0032,358,,,,,,0.1,0.015
HGW0008585550,2016-10-03T19:00:00,573-0084,411,,,,59,,0.035,0.013
HGW3412860148,2016-10-03T19:00:00,194-0032,555,,,,,,0.045,0.03
HGW0297198766,2016-10-03T19:00:00,595-0813,374,,,,277,362,0.125,0.115
HGW1392167190,2016-10-03T19:00:00,573-0084,81,,,,8,298,0.12,0.068
HGW0359516503,2016-10-03T19:00:00,194-0032,414,,,,,,,
HGW2950693375,2016-10-03T19:00:00,573-0084,999,,,287,404,,,
HGW1540053189,2016-10-03T20:00:00,276-0046,180,,,,,,,
HGW1849081661,2016-10-03T20:00:00,261-0013,170,,,,,,,
HGW2592410415,2016-10-03T20:00:00,276-0046,620,,,,64,,0.01,
HGW4192227781,2016-10-03T20:00:00,206-0824,420,,,,58,,0.04,
HGW2440335259,2016-10-03T20:00:00,206-0824,370,,,,221,464,0.18,
HGW0022302486,2016-10-03T20:00:00,276-0046,560,,,,,,,
HGW0119000400,2016-10-03T20:00:00,276-0046,570,,,,69,,0.01,
HGW3729565342,2016-10-03T20:00:00,206-0824,230,,,,116,472,0.11,
HGW0527078356,2016-10-03T20:00:00,206-0824,130,,,,,70,0.03,
HGW3418795782,2016-10-03T20:00:00,276-0046,120,,,,16,550,0.44,
HGW4086841355,2016-10-03T20:00:00,261-0013,300,,,,130,372,0.09,
HGW2053016894,2016-10-03T20:00:00,261-0013,70,,,,,248,0.07,
HGW4262390424,2016-10-03T20:00:00,276-0046,40,,,,,214,0.07,
HGW2056923843,2016-10-03T20:00:00,276-0046,170,,,,441,,,
HGW1567490790,2016-10-03T20:00:00,276-0046,150,,,,361,,,
HGW2731818357,2016-10-03T20:00:00,276-0046,640,,,,6,155,0.08,
HGW0999938138,2016-10-03T20:00:00,261-0013,480,,,,,,,
HGW1484386037,2016-10-03T20:00:00,261-0013,610,,,,239,,0.17,
HGW2626196856,2016-10-03T20:00:00,276-0046,170,,,,1,430,0.1,
HGW2550549887,2016-10-03T20:00:00,261-0013,120,,,,,,,
HGW3813403007,2016-10-03T20:00:00,261-0013,1050,,,,,239,0.35,
HGW0341161038,2016-10-03T20:00:00,276-0046,210,,,,211,520,0.17,
HGW3506558406,2016-10-03T20:00:00,276-0046,140,,,,513,,0.01,
HGW3088922230,2016-10-03T20:00:00,206-0824,630,,,,,,,
HGW0807025331,2016-10-03T20:00:00,261-0013,180,,,,,,,
HGW3316354389,2016-10-03T20:00:00,276-0046,500,,,,49,,0.02,
HGW3835466207,2016-10-03T20:00:00,261-0013,460,,,,6,,,
HGW3938264288,2016-10-03T20:00:00,261-0013,130,,,,,77,,
HGW0960788623,2016-10-03T20:00:00,206-0824,1000,,,,,,,
HGW2465318239,2016-10-03T20:00:00,206-0824,430,,,,,255,,
HGW4201723405,2016-10-03T20:00:00,206-0824,170,,,,,,,
HGW3424705551,2016-10-03T20:00:00,276-0046,130,,,,,,,
HGW0011113187,2016-10-03T20:00:00,261-0013,140,,,,,,,
HGW1724705971,2016-10-03T20:00:00,206-0824,220,,,,,,,
HGW2862754275,2016-10-03T20:00:00,573-0084,444,,,,239,,,0.152
HGW2864422167,2016-10-03T20:00:00,274-0063,702,,,,205,,0.16,0.129
HGW1145276568,2016-10-03T20:00:00,194-0032,108,,,,,273,0.09,0.154
HGW1628028254,2016-10-03T20:00:00,245-0016,171,,,,251,,,0.014
HGW3819013474,2016-10-03T20:00:00,245-0016,385,,,,,,,0.011
HGW0109674464,2016-10-03T20:00:00,245-0016,153,,,,176,,,0.258
HGW4266179256,2016-10-03T20:00:00,595-0813,342,,,,34,,0.05,0.021
HGW2507102389,2016-10-03T20:00:00,245-0016,361,,,,230,,,0.046
HGW0292545493,2016-10-03T20:00:00,194-0032,157,,,,252,,,0.004
HGW1888757583,2016-10-03T20:00:00,194-0032,129,,,,,,,
HGW3087458710,2016-10-03T20:00:00,573-0084,409,,,,,,,0.001
HGW1163585690,2016-10-03T20:00:00,573-0084,192,,,,149,286,0.075,0.009
HGW2360924179,2016-10-03T20:00:00,245-0016,607,,,,320,94,0.02,0.123
HGW2979506575,2016-10-03T20:00:00,573-0084,492,,,,9,,,0.11
HGW3939678160,2016-10-03T20:00:00,573-0084,131,,,,229,490,0.13,0.194
HGW1901037140,2016-10-03T20:00:00,573-0084,253,,,,788,,,0.09
HGW2794906293,2016-10-03T20:00:00,194-0032,157,,,,627,,,0.01
HGW1255839825,2016-10-03T20:00:00,573-0084,542,,,,95,,0.08,0.061
HGW1922304917,2016-10-03T20:00:00,274-0063,159,,,,188,,,0.188
HGW0723606708,2016-10-03T20:00:00,194-0032,158,,,,219,,,0.01
HGW4233223550,2016-10-03T20:00:00,573-0084,411,,,,44,,0.37,0.248
HGW3975340233,2016-10-03T20:00:00,194-0032,164,,,,586,,,0.172
HGW1770315374,2016-10-03T20:00:00,245-0016,227,,,,455,,,0.101
HGW2211161695,2016-10-03T20:00:00,573-0084,45,,,,,92,0.065,0.108
HGW3979453947,2016-10-03T20:00:00,274-0063,629,,,,28,,0.045,0.24
HGW3210466135,2016-10-03T20:00:00,573-0084,359,,,,775,,,0.173
HGW1150228943,2016-10-03T20:00:00,194-0032,195,,,,79,527,0.23,0.091
HGW3896978369,2016-10-03T20:00:00,245-0016,800,,,,,,,0.077
HGW0224584910,2016-10-03T20:00:00,573-0084,458,,,,10,,,0.147
HGW2352450618,2016-10-03T20:00:00,194-0032,477,,,,612,,,0.14
HGW1382864968,2016-10-03T20:00:00,194-0032,595,,,,,,0.01,0.017
HGW3299398081,2016-10-03T20:00:00,595-0813,256,,,,38,359,0.105,0.062
HGW3556093971,2016-10-03T20:00:00,595-0813,156,,,,268,,,0.172
HGW1779326846,2016-10-03T20:00:00,595-0813,499,,,,25,,0.01,0.027
HGW0980111669,2016-10-03T20:00:00,245-0016,83,,,,,263,0.035,
HGW0548855049,2016-10-03T20:00:00,245-0016,83,,,,,333,0.17,0.048
HGW2019559833,2016-10-03T20:00:00,194-0032,153,,,,199,,,0.046
HGW3905059517,2016-10-03T20:00:00,274-0063,152,,,,177,,,0.094
HGW3107087926,2016-10-03T20:00:00,595-0813,490,,,,200,,0.16,0.069
HGW4090376889,2016-10-03T20:00:00,245-0016,225,,,,,351,0.09,0.079
HGW2896326762,2016-10-03T20:00:00,274-0063,409,,,,133,,,0.118
HGW3027793024,2016-10-03T20:00:00,245-0016,49,,,,,212,0.07,0.023
HGW1337358987,2016-10-03T20:00:00,274-0063,124,,,,,276,0.08,0.117
HGW3766800683,2016-10-03T20:00:00,194-0032,67,,,,,645,0.17,0.005
HGW2238224375,2016-10-03T20:00:00,573-0084,176,,,,34,337,0.09,0.075
HGW2500187106,2016-10-03T20:00:00,595-0813,185,,,,167,524,0.15,0.056
HGW2633657355,2016-10-03T20:00:00,573-0084,252,,,,6,232,0.1,0.01
HGW3036983001,2016-10-03T20:00:00,595-0813,284,,,,,,,0.003
HGW0340690536,2016-10-03T20:00:00,595-0813,102,,,,,398,0.11,0.004
HGW3521173424,2016-10-03T20:00:00,245-0016,218,,,,,519,0.16,0.038
HGW2405676507,2016-10-03T20:00:00,274-0063,82,,,,,314,0.08,
HGW1633016930,2016-10-03T20:00:00,573-0084,394,,,,,,,0.02
HGW4048014188,2016-10-03T20:00:00,194-0032,159,,1,,208,414,0.115,0.236
HGW4228193834,2016-10-03T20:00:00,245-0016,555,,,,,,,0.038
HGW3199834989,2016-10-03T20:00:00,245-0016,96,,,,54,349,0.095,0.023
HGW0852590661,2016-10-03T20:00:00,595-0813,48,,,,,219,0.075,0.002
HGW3417223008,2016-10-03T20:00:00,194-0032,335,,,,3,,0.04,0.076
HGW0008585550,2016-10-03T20:00:00,573-0084,476,,,,3,,0.03,0.016
HGW3412860148,2016-10-03T20:00:00,194-0032,560,,,,225,,0.05,0.047
HGW0297198766,2016-10-03T20:00:00,595-0813,108,,,,,391,0.11,0.022
HGW1392167190,2016-10-03T20:00:00,573-0084,69,,,,67,272,0.075,0.04
HGW0359516503,2016-10-03T20:00:00,194-0032,310,,,,26,,,0.149
HGW2950693375,2016-10-03T20:00:00,573-0084,1081,,,,,,,
HGW1540053189,2016-10-03T21:00:00,276-0046,170,,,,,,,
HGW1849081661,2016-10-03T21:00:00,261-0013,180,,,,,,,
HGW2592410415,2016-10-03T21:00:00,276-0046,760,,,,352,,0.17,
HGW4192227781,2016-10-03T21:00:00,206-0824,740,,,,102,,0.08,
HGW2440335259,2016-10-03T21:00:00,206-0824,340,,,,523,484,0.15,
HGW0022302486,2016-10-03T21:00:00,276-0046,680,,,,238,,,
HGW0119000400,2016-10-03T21:00:00,276-0046,550,,,,31,,,
HGW3729565342,2016-10-03T21:00:00,206-0824,200,,,,5,440,0.11,
HGW0527078356,2016-10-03T21:00:00,206-0824,220,,,,,,0.01,
HGW3418795782,2016-10-03T21:00:00,276-0046,170,,,,51,498,0.31,
HGW4086841355,2016-10-03T21:00:00,261-0013,290,,,,124,372,0.09,
HGW2053016894,2016-10-03T21:00:00,261-0013,80,,,,,257,0.08,
HGW4262390424,2016-10-03T21:00:00,276-0046,130,,,,,118,0.04,
HGW2056923843,2016-10-03T21:00:00,276-0046,200,,,,409,,,
HGW1567490790,2016-10-03T21:00:00,276-0046,170,,,,319,,,
HGW2731818357,2016-10-03T21:00:00,276-0046,120,,,,,418,0.11,
HGW0999938138,2016-10-03T21:00:00,261-0013,480,,,,7,,0.01,
HGW1484386037,2016-10-03T21:00:00,261-0013,690,,,,507,,0.01,
HGW2626196856,2016-10-03T21:00:00,276-0046,110,,,,,418,0.1,
HGW2550549887,2016-10-03T21:00:00,261-0013,120,,,,,,,
HGW3813403007,2016-10-03T21:00:00,261-0013,480,,,,,266,0.2,
HGW0341161038,2016-10-03T21:00:00,276-0046,130,,,,196,652,0.2,
HGW3506558406,2016-10-03T21:00:00,276-0046,110,,,,395,,,
HGW3088922230,2016-10-03T21:00:00,206-0824,720,,,,,,,
HGW0807025331,2016-10-03T21:00:00,261-0013,210,,,,,,,
HGW3316354389,2016-10-03T21:00:00,276-0046,440,,,,,,0.02,
HGW3835466207,2016-10-03T21:00:00,261-0013,320,,,,,,,
HGW3938264288,2016-10-03T21:00:00,261-0013,210,,,,56,45,,
HGW0960788623,2016-10-03T21:00:00,206-0824,420,,,,44,406,,
HGW2465318239,2016-10-03T21:00:00,206-0824,370,,,,71,369,,
HGW4201723405,2016-10-03T21:00:00,206-0824,180,,,,,,,
HGW3424705551,2016-10-03T21:00:00,276-0046,130,,,,,,,
HGW0011113187,2016-10-03T21:00:00,261-0013,260,,,,,,,
HGW1724705971,2016-10-03T21:00:00,206-0824,230,,,,,,,
HGW2862754275,2016-10-03T21:00:00,573-0084,485,,,,122,,,0.067
HGW2864422167,2016-10-03T21:00:00,274-0063,587,,,,,,0.345,0.011
HGW1145276568,2016-10-03T21:00:00,194-0032,138,,,,42,263,0.115,0.048
HGW1628028254,2016-10-03T21:00:00,245-0016,150,,,,165,,,0.039
HGW3819013474,2016-10-03T21:00:00,245-0016,267,,,,,,,
HGW0109674464,2016-10-03T21:00:00,245-0016,154,,,,210,,,0.055
HGW4266179256,2016-10-03T21:00:00,595-0813,537,,,,19,,0.11,0.068
HGW2507102389,2016-10-03T21:00:00,245-0016,316,,,,2,,,0.068
HGW0292545493,2016-10-03T21:00:00,194-0032,157,,,,235,,,0.02
HGW1888757583,2016-10-03T21:00:00,194-0032,129,,,,,,,
HGW3087458710,2016-10-03T21:00:00,573-0084,413,,,,,,0.01,0.277
HGW1163585690,2016-10-03T21:00:00,573-0084,61,,,,,201,0.08,
HGW2360924179,2016-10-03T21:00:00,245-0016,618,,,,11,,0.005,0.016
HGW2979506575,2016-10-03T21:00:00,573-0084,315,,,,149,,,0.022
HGW3939678160,2016-10-03T21:00:00,573-0084,158,,,,34,575,0.165,0.021
HGW1901037140,2016-10-03T21:00:00,573-0084,658,,,,,,,0.18
HGW2794906293,2016-10-03T21:00:00,194-0032,241,,,,1019,,,0.001
HGW1255839825,2016-10-03T21:00:00,573-0084,462,,,,32,,0.065,0.085
HGW1922304917,2016-10-03T21:00:00,274-0063,171,,,,184,,,0.065
HGW0723606708,2016-10-03T21:00:00,194-0032,160,,,,264,,,0.024
HGW4233223550,2016-10-03T21:00:00,573-0084,445,,,,,,0.045,0.041
HGW3975340233,2016-10-03T21:00:00,194-0032,155,,,,352,,,0.127
HGW1770315374,2016-10-03T21:00:00,245-0016,536,,,,,,,0.026
HGW2211161695,2016-10-03T21:00:00,573-0084,70,,,,,108,0.08,0.267
HGW3979453947,2016-10-03T21:00:00,274-0063,580,,,,53,,0.08,0.134
HGW3210466135,2016-10-03T21:00:00,573-0084,371,,,,1561,,,0.022
HGW1150228943,2016-10-03T21:00:00,194-0032,100,,,,2,402,0.11,0.001
HGW3896978369,2016-10-03T21:00:00,245-0016,447,,,,,,,0.059
HGW0224584910,2016-10-03T21:00:00,573-0084,385,,,,22,,,0.076
HGW2352450618,2016-10-03T21:00:00,194-0032,230,,,,819,,,0.03
HGW1382864968,2016-10-03T21:00:00,194-0032,317,,,,,,,
HGW3299398081,2016-10-03T21:00:00,595-0813,328,,,,,358,0.09,0.009
HGW3556093971,2016-10-03T21:00:00,595-0813,155,,,,258,,,0.023
HGW1779326846,2016-10-03T21:00:00,595-0813,419,,,,27,,0.16,0.127
HGW0980111669,2016-10-03T21:00:00,245-0016,77,,,,,306,0.045,0.007
HGW0548855049,2016-10-03T21:00:00,245-0016,82,,,,,375,0.13,0.005
HGW2019559833,2016-10-03T21:00:00,194-0032,151,,,,138,,,0.05
HGW3905059517,2016-10-03T21:00:00,274-0063,165,,,,88,,,
HGW3107087926,2016-10-03T21:00:00,595-0813,461,,,,,,0.03,0.13
HGW4090376889,2016-10-03T21:00:00,245-0016,429,,,,,353,0.095,0.043
HGW2896326762,2016-10-03T21:00:00,274-0063,720,,,,137,,,0.083
HGW3027793024,2016-10-03T21:00:00,245-0016,72,,,,,185,0.085,
HGW1337358987,2016-10-03T21:00:00,274-0063,59,,,,,399,0.115,0.013
HGW3766800683,2016-10-03T21:00:00,194-0032,94,,,,51,660,0.215,0.065
HGW2238224375,2016-10-03T21:00:00,573-0084,57,,,,,215,0.07,0.001
HGW2500187106,2016-10-03T21:00:00,595-0813,340,,,,6,435,0.135,0.002
HGW2633657355,2016-10-03T21:00:00,573-0084,71,,,,,245,0.07,
HGW3036983001,2016-10-03T21:00:00,595-0813,606,,,,,,0.39,0.279
HGW0340690536,2016-10-03T21:00:00,595-0813,89,,,,,240,0.075,
HGW3521173424,2016-10-03T21:00:00,245-0016,467,,,,,364,0.095,0.031
HGW2405676507,2016-10-03T21:00:00,274-0063,486,,,,45,,0.145,
HGW1633016930,2016-10-03T21:00:00,573-0084,399,,,,,,,0.016
HGW4048014188,2016-10-03T21:00:00,194-0032,158,,,,52,310,0.09,0.087
HGW4228193834,2016-10-03T21:00:00,245-0016,450,,,,1,,,0.004
HGW3199834989,2016-10-03T21:00:00,245-0016,87,,,,4,270,0.075,0.005
HGW0852590661,2016-10-03T21:00:00,595-0813,64,,,,33,236,0.07,0.058
HGW3417223008,2016-10-03T21:00:00,194-0032,381,,,,,,,0.085
HGW0008585550,2016-10-03T21:00:00,573-0084,353,,,,8,,0.035,0.023
HGW3412860148,2016-10-03T21:00:00,194-0032,609,,,,113,,0.05,0.212
HGW0297198766,2016-10-03T21:00:00,595-0813,68,,,,,228,0.07,
HGW1392167190,2016-10-03T21:00:00,573-0084,131,,,,,337,0.09,0.084
HGW0359516503,2016-10-03T21:00:00,194-0032,265,,,,,,,0.044
HGW2950693375,2016-10-03T21:00:00,573-0084,1048,,,,,,,
HGW1540053189,2016-10-03T22:00:00,276-0046,180,,,,,,,
HGW1849081661,2016-10-03T22:00:00,261-0013,170,,,,,,,
HGW2592410415,2016-10-03T22:00:00,276-0046,650,,,,184,,0.33,
HGW4192227781,2016-10-03T22:00:00,206-0824,740,,,,155,,,
HGW2440335259,2016-10-03T22:00:00,206-0824,390,,,,453,424,0.17,
HGW0022302486,2016-10-03T22:00:00,276-0046,800,,,,300,,,
HGW0119000400,2016-10-03T22:00:00,276-0046,500,,,,,,,
HGW3729565342,2016-10-03T22:00:00,206-0824,200,,,,,422,0.1,
HGW0527078356,2016-10-03T22:00:00,206-0824,200,,,,,,,
HGW3418795782,2016-10-03T22:00:00,276-0046,200,,,,2,475,0.12,
HGW4086841355,2016-10-03T22:00:00,261-0013,140,,,,,435,0.11,
HGW2053016894,2016-10-03T22:00:00,261-0013,130,,,,3,478,0.13,
HGW4262390424,2016-10-03T22:00:00,276-0046,270,,,,,,0.01,
HGW2056923843,2016-10-03T22:00:00,276-0046,190,,,,480,,,
HGW1567490790,2016-10-03T22:00:00,276-0046,170,,,,125,,,
HGW2731818357,2016-10-03T22:00:00,276-0046,120,,,,26,596,0.28,
HGW0999938138,2016-10-03T22:00:00,261-0013,570,,,,14,,0.01,
HGW1484386037,2016-10-03T22:00:00,261-0013,480,,,,37,,,
HGW2626196856,2016-10-03T22:00:00,276-0046,170,,,,43,409,0.24,
HGW2550549887,2016-10-03T22:00:00,261-0013,130,,,,,,,
HGW3813403007,2016-10-03T22:00:00,261-0013,500,,,,,492,0.27,
HGW0341161038,2016-10-03T22:00:00,276-0046,210,,,,291,520,0.21,
HGW3506558406,2016-10-03T22:00:00,276-0046,80,,,,262,,0.02,
HGW3088922230,2016-10-03T22:00:00,206-0824,430,,,,,,,
HGW0807025331,2016-10-03T22:00:00,261-0013,300,,,,,,,
HGW3316354389,2016-10-03T22:00:00,276-0046,340,,,,,,0.03,
HGW3835466207,2016-10-03T22:00:00,261-0013,330,,,,,,,
HGW3938264288,2016-10-03T22:00:00,261-0013,160,,,,190,,,
HGW0960788623,2016-10-03T22:00:00,206-0824,110,,,,38,685,,
HGW2465318239,2016-10-03T22:00:00,206-0824,460,,,,550,373,,
HGW4201723405,2016-10-03T22:00:00,206-0824,180,,,,109,,,
HGW3424705551,2016-10-03T22:00:00,276-0046,140,,,,,,,
HGW0011113187,2016-10-03T22:00:00,261-0013,270,,,,,,,
HGW1724705971,2016-10-03T22:00:00,206-0824,350,,,,15,,0.15,
HGW2862754275,2016-10-03T22:00:00,573-0084,252,,,,945,,,0.018
HGW2864422167,2016-10-03T22:00:00,274-0063,515,,,,,,0.28,
HGW1145276568,2016-10-03T22:00:00,194-0032,51,,,,,215,0.07,
HGW1628028254,2016-10-03T22:00:00,245-0016,149,,,844,99,,,0.109
HGW3819013474,2016-10-03T22:00:00,245-0016,299,,,,,,,
HGW0109674464,2016-10-03T22:00:00,245-0016,202,,,886,,,,0.01
HGW4266179256,2016-10-03T22:00:00,595-0813,468,,,,,,,0.01
HGW2507102389,2016-10-03T22:00:00,245-0016,287,,,866,,,,
HGW0292545493,2016-10-03T22:00:00,194-0032,165,,,852,252,,,
HGW1888757583,2016-10-03T22:00:00,194-0032,129,,,,,,,
HGW3087458710,2016-10-03T22:00:00,573-0084,388,,,289,,,,0.087
HGW1163585690,2016-10-03T22:00:00,573-0084,43,,,,,176,0.075,
HGW2360924179,2016-10-03T22:00:00,245-0016,593,,,,,,,0.036
HGW2979506575,2016-10-03T22:00:00,573-0084,284,,,886,124,,,0.055
HGW3939678160,2016-10-03T22:00:00,573-0084,131,,,,103,540,0.15,0.1
HGW1901037140,2016-10-03T22:00:00,573-0084,909,,,858,,,,0.059
HGW2794906293,2016-10-03T22:00:00,194-0032,163,,,487,267,,,
HGW1255839825,2016-10-03T22:00:00,573-0084,338,,,,12,,,0.03
HGW1922304917,2016-10-03T22:00:00,274-0063,167,,,891,56,,,
HGW0723606708,2016-10-03T22:00:00,194-0032,164,,,863,301,,,0.193
HGW4233223550,2016-10-03T22:00:00,573-0084,431,,,,,,,
HGW3975340233,2016-10-03T22:00:00,194-0032,163,,,871,319,,,0.027
HGW1770315374,2016-10-03T22:00:00,245-0016,519,,,835,,,,0.009
HGW2211161695,2016-10-03T22:00:00,573-0084,264,,,,,,,0.017
HGW3979453947,2016-10-03T22:00:00,274-0063,445,,,832,9,,,0.005
HGW3210466135,2016-10-03T22:00:00,573-0084,602,,,875,667,,,0.007
HGW1150228943,2016-10-03T22:00:00,194-0032,42,,,,,327,0.09,
HGW3896978369,2016-10-03T22:00:00,245-0016,768,,,,,,,0.037
HGW0224584910,2016-10-03T22:00:00,573-0084,421,,,524,100,,,0.023
HGW2352450618,2016-10-03T22:00:00,194-0032,476,,,869,87,,,0.008
HGW1382864968,2016-10-03T22:00:00,194-0032,447,,,396,,,0.03,0.061
HGW3299398081,2016-10-03T22:00:00,595-0813,215,,,,,358,0.095,0.029
HGW3556093971,2016-10-03T22:00:00,595-0813,166,,,,223,,,0.05
HGW1779326846,2016-10-03T22:00:00,595-0813,401,,,692,,,,0.035
HGW0980111669,2016-10-03T22:00:00,245-0016,97,,,,18,274,0.04,0.012
HGW0548855049,2016-10-03T22:00:00,245-0016,103,,,,36,375,0.095,0.032
HGW2019559833,2016-10-03T22:00:00,194-0032,157,,,861,112,,,
HGW3905059517,2016-10-03T22:00:00,274-0063,166,,,890,119,,,
HGW3107087926,2016-10-03T22:00:00,595-0813,452,,,,10,,,0.175
HGW4090376889,2016-10-03T22:00:00,245-0016,365,,,,,353,0.095,0.005
HGW2896326762,2016-10-03T22:00:00,274-0063,705,,,,165,,,0.081
HGW3027793024,2016-10-03T22:00:00,245-0016,126,,,,,540,0.135,
HGW1337358987,2016-10-03T22:00:00,274-0063,59,,,,,294,0.08,0.005
HGW3766800683,2016-10-03T22:00:00,194-0032,108,,,,2,659,0.17,0.007
HGW2238224375,2016-10-03T22:00:00,573-0084,43,,,,,130,0.07,
HGW2500187106,2016-10-03T22:00:00,595-0813,100,,,,,350,0.1,
HGW2633657355,2016-10-03T22:00:00,573-0084,201,,,,,238,0.11,0.085
HGW3036983001,2016-10-03T22:00:00,595-0813,591,,,,,,,0.096
HGW0340690536,2016-10-03T22:00:00,595-0813,73,,,,,217,0.065,
HGW3521173424,2016-10-03T22:00:00,245-0016,299,,,,,357,0.095,0.12
HGW2405676507,2016-10-03T22:00:00,274-0063,349,,,,10,,0.095,
HGW1633016930,2016-10-03T22:00:00,573-0084,327,,,,,,,0.008
HGW4048014188,2016-10-03T22:00:00,194-0032,51,,,,,176,0.065,
HGW4228193834,2016-10-03T22:00:00,245-0016,320,,,599,,,,0.004
HGW3199834989,2016-10-03T22:00:00,245-0016,71,,,,,308,0.08,0.026
HGW0852590661,2016-10-03T22:00:00,595-0813,184,,,,128,266,0.085,0.057
HGW3417223008,2016-10-03T22:00:00,194-0032,340,,,,,,,0.02
HGW0008585550,2016-10-03T22:00:00,573-0084,402,,,,,,,0.031
HGW3412860148,2016-10-03T22:00:00,194-0032,467,,,,,,0.22,0.017
HGW0297198766,2016-10-03T22:00:00,595-0813,71,,,,,218,0.075,
HGW1392167190,2016-10-03T22:00:00,573-0084,65,,,,,324,0.085,
HGW0359516503,2016-10-03T22:00:00,194-0032,287,,,,,,,
HGW2950693375,2016-10-03T22:00:00,573-0084,1064,,,,,,,
HGW1540053189,2016-10-03T23:00:00,276-0046,170,,,,,,,
HGW1849081661,2016-10-03T23:00:00,261-0013,360,,,,,,,
HGW2592410415,2016-10-03T23:00:00,276-0046,610,,,,,,0.3,
HGW4192227781,2016-10-03T23:00:00,206-0824,380,,,,,,,
HGW2440335259,2016-10-03T23:00:00,206-0824,300,,,,2,475,0.12,
HGW0022302486,2016-10-03T23:00:00,276-0046,2680,,,2098,,,,
HGW0119000400,2016-10-03T23:00:00,276-0046,1050,,,,,,,
HGW3729565342,2016-10-03T23:00:00,206-0824,160,,,,,311,0.09,
HGW0527078356,2016-10-03T23:00:00,206-0824,190,,,,,,,
HGW3418795782,2016-10-03T23:00:00,276-0046,230,,,,,211,0.1,
HGW4086841355,2016-10-03T23:00:00,261-0013,150,,,,,416,0.11,
HGW2053016894,2016-10-03T23:00:00,261-0013,90,,,,,282,0.08,
HGW4262390424,2016-10-03T23:00:00,276-0046,260,,,,,,,
HGW2056923843,2016-10-03T23:00:00,276-0046,2760,,,2160,3,,,
HGW1567490790,2016-10-03T23:00:00,276-0046,2950,,,2111,,,,
HGW2731818357,2016-10-03T23:00:00,276-0046,170,,,,,577,0.14,
HGW0999938138,2016-10-03T23:00:00,261-0013,790,,,,,,,
HGW1484386037,2016-10-03T23:00:00,261-0013,300,,,,,,,
HGW2626196856,2016-10-03T23:00:00,276-0046,290,,,,,452,0.11,
HGW2550549887,2016-10-03T23:00:00,261-0013,120,,,,,,,
HGW3813403007,2016-10-03T23:00:00,261-0013,490,,,,,530,0.46,
HGW0341161038,2016-10-03T23:00:00,276-0046,600,,,,11,42,0.01,
HGW3506558406,2016-10-03T23:00:00,276-0046,270,,,,,,0.08,
HGW3088922230,2016-10-03T23:00:00,206-0824,2510,,,2085,,,,
HGW0807025331,2016-10-03T23:00:00,261-0013,330,,,,,,0.02,
HGW3316354389,2016-10-03T23:00:00,276-0046,430,,,,,,0.04,
HGW3835466207,2016-10-03T23:00:00,261-0013,340,,,,,,,
HGW3938264288,2016-10-03T23:00:00,261-0013,1520,,,1238,,,,
HGW0960788623,2016-10-03T23:00:00,206-0824,100,,,,,478,,
HGW2465318239,2016-10-03T23:00:00,206-0824,480,,,,6,357,,
HGW4201723405,2016-10-03T23:00:00,206-0824,2670,,,2142,1,,,
HGW3424705551,2016-10-03T23:00:00,276-0046,130,,,,,,,
HGW0011113187,2016-10-03T23:00:00,261-0013,2390,,,2041,,,,
HGW1724705971,2016-10-03T23:00:00,206-0824,380,,,,,,,
HGW2862754275,2016-10-03T23:00:00,573-0084,217,,,859,324,,,0.017
HGW2864422167,2016-10-03T23:00:00,274-0063,475,,,,,,0.225,
HGW1145276568,2016-10-03T23:00:00,194-0032,49,,,,,208,0.07,0.006
HGW1628028254,2016-10-03T23:00:00,245-0016,2485,,,2101,,,,0.016
HGW3819013474,2016-10-03T23:00:00,245-0016,274,,,,,,,
HGW0109674464,2016-10-03T23:00:00,245-0016,2456,,,1656,,,,
HGW4266179256,2016-10-03T23:00:00,595-0813,354,,,,,,,0.001
HGW2507102389,2016-10-03T23:00:00,245-0016,1405,,,294,,,,
HGW0292545493,2016-10-03T23:00:00,194-0032,2727,,,1791,,,,0.072
HGW1888757583,2016-10-03T23:00:00,194-0032,129,,,,,,,
HGW3087458710,2016-10-03T23:00:00,573-0084,621,,,,,,,
HGW1163585690,2016-10-03T23:00:00,573-0084,43,,,,,162,0.065,
HGW2360924179,2016-10-03T23:00:00,245-0016,542,,,,,,,
HGW2979506575,2016-10-03T23:00:00,573-0084,1494,,,287,,,,0.026
HGW3939678160,2016-10-03T23:00:00,573-0084,131,,,,,449,0.135,0.029
HGW1901037140,2016-10-03T23:00:00,573-0084,2851,,,2160,,,,0.032
HGW2794906293,2016-10-03T23:00:00,194-0032,2793,,,2147,,,,
HGW1255839825,2016-10-03T23:00:00,573-0084,267,,,,,,,
HGW1922304917,2016-10-03T23:00:00,274-0063,2495,,,1522,,,,0.021
HGW0723606708,2016-10-03T23:00:00,194-0032,2537,,,2099,,,,
HGW4233223550,2016-10-03T23:00:00,573-0084,359,,,,,,,
HGW3975340233,2016-10-03T23:00:00,194-0032,2506,,,2184,,,,
HGW1770315374,2016-10-03T23:00:00,245-0016,3129,,,2121,,,,0.026
HGW2211161695,2016-10-03T23:00:00,573-0084,199,,,,,,,
HGW3979453947,2016-10-03T23:00:00,274-0063,1198,,,,,,,
HGW3210466135,2016-10-03T23:00:00,573-0084,4171,,,2124,,,,0.001
HGW1150228943,2016-10-03T23:00:00,194-0032,42,,,,,313,0.085,
HGW3896978369,2016-10-03T23:00:00,245-0016,293,,,,,,,
HGW0224584910,2016-10-03T23:00:00,573-0084,755,,,,,,,0.006
HGW2352450618,2016-10-03T23:00:00,194-0032,2795,,,2124,,,,0.112
HGW1382864968,2016-10-03T23:00:00,194-0032,763,,,,,,,
HGW3299398081,2016-10-03T23:00:00,595-0813,245,,,,,358,0.09,0.05
HGW3556093971,2016-10-03T23:00:00,595-0813,1495,,,1951,,,,
HGW1779326846,2016-10-03T23:00:00,595-0813,1091,,,,,,,0.04
HGW0980111669,2016-10-03T23:00:00,245-0016,408,,,,,359,0.06,0.131
HGW0548855049,2016-10-03T23:00:00,245-0016,255,,,,,331,0.09,0.092
HGW2019559833,2016-10-03T23:00:00,194-0032,2437,,,2160,,,,
HGW3905059517,2016-10-03T23:00:00,274-0063,2578,,,2160,,,,
HGW3107087926,2016-10-03T23:00:00,595-0813,364,,,,12,,,0.016
HGW4090376889,2016-10-03T23:00:00,245-0016,140,,,,,354,0.405,0.005
HGW2896326762,2016-10-03T23:00:00,274-0063,583,,,,,,,0.052
HGW3027793024,2016-10-03T23:00:00,245-0016,118,,,,,297,0.1,0.005
HGW1337358987,2016-10-03T23:00:00,274-0063,44,,,,,129,0.065,
HGW3766800683,2016-10-03T23:00:00,194-0032,60,,,,,620,0.165,0.024
HGW2238224375,2016-10-03T23:00:00,573-0084,173,,,,,155,0.07,0.002
HGW2500187106,2016-10-03T23:00:00,595-0813,101,,,,,298,0.08,
HGW2633657355,2016-10-03T23:00:00,573-0084,108,,,,14,471,0.125,0.119
HGW3036983001,2016-10-03T23:00:00,595-0813,393,,,,,,,0.004
HGW0340690536,2016-10-03T23:00:00,595-0813,91,,,,,248,0.075,
HGW3521173424,2016-10-03T23:00:00,245-0016,87,,,,,327,0.09,0.008
HGW2405676507,2016-10-03T23:00:00,274-0063,285,,,,,,0.02,
HGW1633016930,2016-10-03T23:00:00,573-0084,347,,,,,,,
HGW4048014188,2016-10-03T23:00:00,194-0032,60,,,,,225,0.075,
HGW4228193834,2016-10-03T23:00:00,245-0016,997,,,,,,,
HGW3199834989,2016-10-03T23:00:00,245-0016,89,,,,,304,0.085,0.055
HGW0852590661,2016-10-03T23:00:00,595-0813,206,,,,,232,0.085,
HGW3417223008,2016-10-03T23:00:00,194-0032,291,,,,,,0.035,0.023
HGW0008585550,2016-10-03T23:00:00,573-0084,381,,,,,,,0.011
HGW3412860148,2016-10-03T23:00:00,194-0032,470,,,,,,0.27,0.009
HGW0297198766,2016-10-03T23:00:00,595-0813,77,,,,,264,0.085,0.002
HGW1392167190,2016-10-03T23:00:00,573-0084,278,,,,,298,0.085,0.011
HGW0359516503,2016-10-03T23:00:00,194-0032,230,,,,,,,
HGW2950693375,2016-10-03T23:00:00,573-0084,1042,,,,,,,
